{
"lowlevel": {
    "average_loudness": 0.795283734798,
    "barkbands_crest": {
        "dmean": 2.58098936081,
        "dmean2": 4.21670770645,
        "dvar": 6.11536312103,
        "dvar2": 16.1912746429,
        "max": 26.9683799744,
        "mean": 11.6195297241,
        "median": 10.6795511246,
        "min": 2.74780511856,
        "stdev": 4.90304803848,
        "var": 24.0398807526
    },
    "barkbands_flatness_db": {
        "dmean": 0.0256437081844,
        "dmean2": 0.037429086864,
        "dvar": 0.000815561565105,
        "dvar2": 0.00159267801791,
        "max": 0.932938933372,
        "mean": 0.197069242597,
        "median": 0.176963090897,
        "min": 0.0184128452092,
        "stdev": 0.0992503017187,
        "var": 0.00985062215477
    },
    "barkbands_kurtosis": {
        "dmean": 9.63296699524,
        "dmean2": 16.4976711273,
        "dvar": 34881.6796875,
        "dvar2": 102464.59375,
        "max": 12883.3720703,
        "mean": 15.2889022827,
        "median": 4.58880615234,
        "min": -1.8851569891,
        "stdev": 162.259414673,
        "var": 26328.1171875
    },
    "barkbands_skewness": {
        "dmean": 0.685548007488,
        "dmean2": 1.05136370659,
        "dvar": 2.60268855095,
        "dvar2": 7.06813097,
        "max": 100.474624634,
        "mean": 2.04961538315,
        "median": 1.73655319214,
        "min": -3.30139088631,
        "stdev": 2.12150454521,
        "var": 4.50078105927
    },
    "barkbands_spread": {
        "dmean": 3.55804467201,
        "dmean2": 5.49690437317,
        "dvar": 31.1267700195,
        "dvar2": 68.1343994141,
        "max": 92.4515228271,
        "mean": 13.0273733139,
        "median": 9.8433380127,
        "min": 0.00320835923776,
        "stdev": 11.1681585312,
        "var": 124.727775574
    },
    "dissonance": {
        "dmean": 0.029698677361,
        "dmean2": 0.0497228018939,
        "dvar": 0.000887612404767,
        "dvar2": 0.00232460070401,
        "max": 0.500000119209,
        "mean": 0.421817630529,
        "median": 0.447040110826,
        "min": 0.0918821617961,
        "stdev": 0.0716039985418,
        "var": 0.00512713287026
    },
    "dynamic_complexity": 3.82797670364,
    "erbbands_crest": {
        "dmean": 2.73639798164,
        "dmean2": 4.43093538284,
        "dvar": 7.1428771019,
        "dvar2": 16.976480484,
        "max": 35.2693862915,
        "mean": 11.4961080551,
        "median": 9.95410060883,
        "min": 2.38169503212,
        "stdev": 5.93948602676,
        "var": 35.2774963379
    },
    "erbbands_flatness_db": {
        "dmean": 0.0205033440143,
        "dmean2": 0.0286007318646,
        "dvar": 0.000571839453187,
        "dvar2": 0.00108994357288,
        "max": 0.560109972954,
        "mean": 0.197913363576,
        "median": 0.172850370407,
        "min": 0.0369723886251,
        "stdev": 0.0876961201429,
        "var": 0.00769060943276
    },
    "erbbands_kurtosis": {
        "dmean": 2.60233712196,
        "dmean2": 4.02834320068,
        "dvar": 50.4520683289,
        "dvar2": 107.296821594,
        "max": 147.115142822,
        "mean": 4.99645519257,
        "median": 1.02487969398,
        "min": -1.77922070026,
        "stdev": 12.9945049286,
        "var": 168.857147217
    },
    "erbbands_skewness": {
        "dmean": 0.449621140957,
        "dmean2": 0.685470581055,
        "dvar": 0.331747621298,
        "dvar2": 0.675483167171,
        "max": 9.8058757782,
        "mean": 1.05151998997,
        "median": 0.759969592094,
        "min": -2.19928574562,
        "stdev": 1.36298573017,
        "var": 1.85773015022
    },
    "erbbands_spread": {
        "dmean": 6.37246704102,
        "dmean2": 9.47966861725,
        "dvar": 84.063835144,
        "dvar2": 165.69644165,
        "max": 141.25958252,
        "mean": 26.9533309937,
        "median": 23.7100410461,
        "min": 0.429389387369,
        "stdev": 19.1543903351,
        "var": 366.890655518
    },
    "hfc": {
        "dmean": 4.25418376923,
        "dmean2": 6.36980056763,
        "dvar": 45.4110031128,
        "dvar2": 101.563194275,
        "max": 124.131744385,
        "mean": 17.9795417786,
        "median": 10.8209466934,
        "min": 1.08806034139e-16,
        "stdev": 17.5609436035,
        "var": 308.38671875
    },
    "loudness_ebu128": {
        "integrated": -6.77060031891,
        "loudness_range": 9.03858184814,
        "momentary": {
            "dmean": 0.796065986156,
            "dmean2": 0.820981681347,
            "dvar": 26.9605693817,
            "dvar2": 25.9775524139,
            "max": -2.8223028183,
            "mean": -11.1010980606,
            "median": -7.55920028687,
            "min": -300.691009521,
            "stdev": 21.1536006927,
            "var": 447.474822998
        },
        "short_term": {
            "dmean": 0.116321638227,
            "dmean2": 0.0654314085841,
            "dvar": 0.052788566798,
            "dvar2": 0.00569054856896,
            "max": -3.71366167068,
            "mean": -8.91360378265,
            "median": -7.48076581955,
            "min": -70.8889465332,
            "stdev": 6.62334775925,
            "var": 43.8687362671
        }
    },
    "melbands_crest": {
        "dmean": 3.28331828117,
        "dmean2": 5.31978368759,
        "dvar": 10.3124790192,
        "dvar2": 27.3142414093,
        "max": 39.9993400574,
        "mean": 15.7184581757,
        "median": 14.6151952744,
        "min": 1.66613805294,
        "stdev": 6.33815145493,
        "var": 40.1721611023
    },
    "melbands_flatness_db": {
        "dmean": 0.0297840051353,
        "dmean2": 0.0433816388249,
        "dvar": 0.00110859645065,
        "dvar2": 0.00221432209946,
        "max": 0.94083327055,
        "mean": 0.28042447567,
        "median": 0.26575678587,
        "min": 0.00298941344954,
        "stdev": 0.112976714969,
        "var": 0.0127637386322
    },
    "melbands_kurtosis": {
        "dmean": 154.021072388,
        "dmean2": 210.541534424,
        "dvar": 45517344,
        "dvar2": 62509344,
        "max": 584042.9375,
        "mean": 237.355270386,
        "median": 8.44923496246,
        "min": -1.69692027569,
        "stdev": 10222.2392578,
        "var": 104494184
    },
    "melbands_skewness": {
        "dmean": 0.934278786182,
        "dmean2": 1.39128649235,
        "dvar": 48.7242202759,
        "dvar2": 64.0299453735,
        "max": 636.432373047,
        "mean": 2.73737025261,
        "median": 2.17225980759,
        "min": -2.58780670166,
        "stdev": 12.0546379089,
        "var": 145.314300537
    },
    "melbands_spread": {
        "dmean": 3.86857581139,
        "dmean2": 5.97537946701,
        "dvar": 46.9669685364,
        "dvar2": 101.742042542,
        "max": 203.512069702,
        "mean": 14.2481641769,
        "median": 9.79485607147,
        "min": 0.0004471844004,
        "stdev": 15.3483104706,
        "var": 235.570632935
    },
    "pitch_salience": {
        "dmean": 0.076342202723,
        "dmean2": 0.124759346247,
        "dvar": 0.00569213647395,
        "dvar2": 0.0146062942222,
        "max": 0.949116110802,
        "mean": 0.513363420963,
        "median": 0.527184426785,
        "min": 0.000786568387412,
        "stdev": 0.132248461246,
        "var": 0.017489656806
    },
    "silence_rate_20dB": {
        "dmean": 0,
        "dmean2": 0,
        "dvar": 0,
        "dvar2": 0,
        "max": 1,
        "mean": 1,
        "median": 1,
        "min": 1,
        "stdev": 0,
        "var": 0
    },
    "silence_rate_30dB": {
        "dmean": 0.0181343927979,
        "dmean2": 0.0362732931972,
        "dvar": 0.0178057681769,
        "dvar2": 0.0404212921858,
        "max": 1,
        "mean": 0.978017866611,
        "median": 1,
        "min": 0,
        "stdev": 0.14662489295,
        "var": 0.021498857066
    },
    "silence_rate_60dB": {
        "dmean": 0.0255868844688,
        "dmean2": 0.0511801242828,
        "dvar": 0.0249335058033,
        "dvar2": 0.05204359442,
        "max": 1,
        "mean": 0.10258320719,
        "median": 0,
        "min": 0,
        "stdev": 0.303414911032,
        "var": 0.092060610652
    },
    "spectral_centroid": {
        "dmean": 147.32421875,
        "dmean2": 225.379943848,
        "dvar": 94677.90625,
        "dvar2": 188000.40625,
        "max": 11627.2382812,
        "mean": 882.611694336,
        "median": 662.317626953,
        "min": 149.234375,
        "stdev": 970.373168945,
        "var": 941624.125
    },
    "spectral_complexity": {
        "dmean": 2.54452872276,
        "dmean2": 3.96546578407,
        "dvar": 9.71715927124,
        "dvar2": 20.832780838,
        "max": 51,
        "mean": 15.1420764923,
        "median": 13,
        "min": 0,
        "stdev": 10.2591371536,
        "var": 105.249885559
    },
    "spectral_decrease": {
        "dmean": 2.5203132914e-09,
        "dmean2": 4.08086675563e-09,
        "dvar": 1.36357307723e-17,
        "dvar2": 3.66310449173e-17,
        "max": 2.19338479873e-28,
        "mean": -9.00560692685e-09,
        "median": -7.69779440191e-09,
        "min": -5.32862713953e-08,
        "stdev": 7.29526483667e-09,
        "var": 5.32208899472e-17
    },
    "spectral_energy": {
        "dmean": 0.00971723068506,
        "dmean2": 0.0157141070813,
        "dvar": 0.000198221867322,
        "dvar2": 0.00053058785852,
        "max": 0.202573910356,
        "mean": 0.0356200151145,
        "median": 0.0307193361223,
        "min": 1.01556501939e-20,
        "stdev": 0.0284854266793,
        "var": 0.000811419566162
    },
    "spectral_energyband_high": {
        "dmean": 0.000202970564715,
        "dmean2": 0.000298487691907,
        "dvar": 3.22281323406e-07,
        "dvar2": 7.53023527977e-07,
        "max": 0.0110350074247,
        "mean": 0.000457721587736,
        "median": 0.000105666389572,
        "min": 7.15940006684e-21,
        "stdev": 0.000872896343935,
        "var": 7.61948001582e-07
    },
    "spectral_energyband_low": {
        "dmean": 0.00750635610893,
        "dmean2": 0.0124056208879,
        "dvar": 0.000195859320229,
        "dvar2": 0.000532307196409,
        "max": 0.194186583161,
        "mean": 0.0163909960538,
        "median": 0.00977325439453,
        "min": 1.45091841527e-23,
        "stdev": 0.0220506191254,
        "var": 0.000486229779199
    },
    "spectral_energyband_middle_high": {
        "dmean": 0.00152994634118,
        "dmean2": 0.00226101325825,
        "dvar": 6.44846204523e-06,
        "dvar2": 1.41874770634e-05,
        "max": 0.0403079092503,
        "mean": 0.00499747414142,
        "median": 0.00170066487044,
        "min": 1.18675133963e-21,
        "stdev": 0.00673119677231,
        "var": 4.53090069641e-05
    },
    "spectral_energyband_middle_low": {
        "dmean": 0.00527730491012,
        "dmean2": 0.00847180001438,
        "dvar": 5.79674415349e-05,
        "dvar2": 0.000149570478243,
        "max": 0.104970633984,
        "mean": 0.0148738250136,
        "median": 0.0133183179423,
        "min": 1.63019873112e-22,
        "stdev": 0.0111354114488,
        "var": 0.000123997378978
    },
    "spectral_entropy": {
        "dmean": 0.202957063913,
        "dmean2": 0.292833715677,
        "dvar": 0.0724478065968,
        "dvar2": 0.138226076961,
        "max": 9.81718540192,
        "mean": 6.97820329666,
        "median": 7.28191757202,
        "min": 3.30398750305,
        "stdev": 0.950469374657,
        "var": 0.903392076492
    },
    "spectral_flux": {
        "dmean": 0.023997746408,
        "dmean2": 0.0377313606441,
        "dvar": 0.00069563894067,
        "dvar2": 0.00155718880706,
        "max": 0.364209502935,
        "mean": 0.0847407057881,
        "median": 0.0809456110001,
        "min": 6.33900432145e-11,
        "stdev": 0.0568207390606,
        "var": 0.00322859641165
    },
    "spectral_kurtosis": {
        "dmean": 5.5009431839,
        "dmean2": 8.54952526093,
        "dvar": 175.957901001,
        "dvar2": 367.93862915,
        "max": 576.277404785,
        "mean": 14.2355985641,
        "median": 6.2388010025,
        "min": -1.25216734409,
        "stdev": 22.7144565582,
        "var": 515.946533203
    },
    "spectral_rms": {
        "dmean": 0.000736610032618,
        "dmean2": 0.00115815771278,
        "dvar": 7.55308121825e-07,
        "dvar2": 1.89721686183e-06,
        "max": 0.0140582034364,
        "mean": 0.00532514369115,
        "median": 0.00547449383885,
        "min": 3.14769000795e-12,
        "stdev": 0.00252864602953,
        "var": 6.39405106995e-06
    },
    "spectral_rolloff": {
        "dmean": 257.958496094,
        "dmean2": 432.666595459,
        "dvar": 608416.1875,
        "dvar2": 1361910.875,
        "max": 19896.6796875,
        "mean": 968.420043945,
        "median": 581.396484375,
        "min": 21.533203125,
        "stdev": 1791.70544434,
        "var": 3210208.5
    },
    "spectral_skewness": {
        "dmean": 0.433640599251,
        "dmean2": 0.658998131752,
        "dvar": 0.478894412518,
        "dvar2": 1.00139701366,
        "max": 22.0335407257,
        "mean": 2.61879181862,
        "median": 2.05223226547,
        "min": -0.084365695715,
        "stdev": 1.60151445866,
        "var": 2.564848423
    },
    "spectral_spread": {
        "dmean": 618930.3125,
        "dmean2": 881448.5,
        "dvar": 1.18352589619e+12,
        "dvar2": 2.06163292979e+12,
        "max": 42140408,
        "mean": 4228011.5,
        "median": 3880148.5,
        "min": 425076,
        "stdev": 3589794.25,
        "var": 1.28866236498e+13
    },
    "spectral_strongpeak": {
        "dmean": 0.433147102594,
        "dmean2": 0.748471081257,
        "dvar": 0.562947154045,
        "dvar2": 1.51794743538,
        "max": 9.02389431,
        "mean": 0.819025397301,
        "median": 0.531427264214,
        "min": 0,
        "stdev": 0.928749918938,
        "var": 0.862576365471
    },
    "zerocrossingrate": {
        "dmean": 0.00722566479817,
        "dmean2": 0.00856360420585,
        "dvar": 0.000152886364958,
        "dvar2": 0.000162574579008,
        "max": 0.52685546875,
        "mean": 0.0408140532672,
        "median": 0.029296875,
        "min": 0,
        "stdev": 0.0482074841857,
        "var": 0.0023239615839
    },
    "barkbands": {
        "dmean": [0.00066729914397, 0.0059356065467, 0.00208708131686, 0.00154411047697, 0.00189340661746, 0.00155888812151, 0.00107170385309, 0.00125049788039, 0.00122024130542, 0.000476232264191, 0.000295116886264, 0.000421402946813, 0.000490133650601, 0.000350044254446, 0.000280766864307, 0.000202205366804, 0.000192217848962, 7.1045520599e-05, 8.47892006277e-05, 5.75795093027e-05, 4.01951547246e-05, 4.88756704726e-05, 3.74821065634e-05, 3.99192722398e-05, 4.37622256868e-05, 1.40631454997e-05, 4.12902363678e-06],
        "dmean2": [0.000984869315289, 0.00985628832132, 0.00353295705281, 0.00260849716142, 0.00309125636704, 0.00246156263165, 0.00170575245284, 0.00202298141085, 0.00197966466658, 0.000777090841439, 0.000455056200735, 0.000671254470944, 0.000784296076745, 0.000548595387954, 0.000442069751443, 0.000307555223117, 0.000295930018183, 0.00011485198047, 0.000130927597638, 9.2478490842e-05, 6.49695939501e-05, 7.66762968851e-05, 6.05225977779e-05, 5.92497490288e-05, 6.51203590678e-05, 2.04114585358e-05, 6.47607703286e-06],
        "dvar": [2.6332336347e-06, 0.000141840282595, 2.30837758863e-05, 1.3882683561e-05, 1.48658218677e-05, 7.08137304173e-06, 2.96261509902e-06, 7.059397376e-06, 7.7590229921e-06, 1.57652823418e-06, 6.30040688065e-07, 1.15171474135e-06, 1.32040020162e-06, 7.09779271801e-07, 5.68526388633e-07, 3.22143932863e-07, 1.61056419756e-07, 3.04710709997e-08, 4.66256828702e-08, 3.20663104958e-08, 9.38337230139e-09, 1.37475764106e-08, 2.41633220099e-08, 1.56416888331e-08, 3.42433601475e-08, 3.50616025102e-09, 2.82855100453e-10],
        "dvar2": [5.52143046662e-06, 0.000374304130673, 6.3128201873e-05, 3.80635283364e-05, 4.02028053941e-05, 1.75919776666e-05, 7.15540681995e-06, 1.83293432201e-05, 2.07918965316e-05, 4.33450077253e-06, 1.31592469188e-06, 2.76025639323e-06, 3.37494134328e-06, 1.70108239672e-06, 1.31627837163e-06, 6.96703921221e-07, 3.72322944031e-07, 7.62441914048e-08, 9.67653406292e-08, 8.23870891509e-08, 2.47022775568e-08, 3.44514106132e-08, 6.75226914382e-08, 3.1982366977e-08, 7.27092412944e-08, 6.78869538362e-09, 6.31900420878e-10],
        "max": [0.0279807653278, 0.184032574296, 0.0766792520881, 0.0469977483153, 0.0719811022282, 0.0448608808219, 0.0295635797083, 0.0444437749684, 0.0455257594585, 0.0253652948886, 0.0244704615325, 0.0203485954553, 0.0202826242894, 0.0198604147881, 0.0177765414119, 0.0225806236267, 0.00681525329128, 0.00497147254646, 0.00644094962627, 0.00765605131164, 0.00150089431554, 0.0018594879657, 0.00286650517955, 0.00398506829515, 0.00746015319601, 0.00174343562685, 0.00033102335874],
        "mean": [0.00112633930985, 0.0106503684074, 0.00358063937165, 0.00232124794275, 0.00352775608189, 0.00286023668014, 0.00206029298715, 0.00195158831775, 0.0020084423013, 0.000805426912848, 0.000514303625096, 0.000718389812391, 0.000870162330102, 0.000599407998379, 0.000469796068501, 0.000374788884073, 0.000373925111489, 0.000126760089188, 0.000159199815243, 0.000104131620901, 7.86382879596e-05, 0.000100675097201, 6.57876662444e-05, 7.51285406295e-05, 7.09712403477e-05, 2.09645622817e-05, 4.59747889181e-06],
        "median": [0.000155376881594, 0.00426876358688, 0.0014802677324, 0.000892416224815, 0.00197478290647, 0.00164634594694, 0.00127341132611, 0.00064979295712, 0.000560350250453, 0.000170845713001, 0.000108303938759, 0.000151516433107, 0.000163164790138, 0.000118722564366, 8.96100682439e-05, 7.23423072486e-05, 7.84272124292e-05, 3.22778651025e-05, 3.24383872794e-05, 2.11437582038e-05, 1.94941130758e-05, 1.76843514055e-05, 1.26860959426e-05, 1.24659645735e-05, 9.6499124993e-06, 2.61531704382e-06, 2.05958315291e-07],
        "min": [4.98879334247e-27, 5.5919446563e-24, 1.15112082126e-24, 1.58597221083e-24, 6.08864461438e-24, 8.61741870988e-24, 1.2718327114e-23, 1.09778483105e-23, 1.47991883541e-23, 2.64428542013e-23, 1.72819182163e-23, 2.16039151443e-23, 1.75855144911e-23, 3.46084291619e-23, 4.24124944131e-23, 6.0644123851e-23, 8.0371660757e-23, 1.29636213615e-22, 1.50479635292e-22, 1.91931360231e-22, 2.13598642995e-22, 2.98283227202e-22, 4.33763133075e-22, 6.41951629143e-22, 9.08334381566e-22, 1.2801117782e-21, 1.88518682322e-21],
        "stdev": [0.00285434001125, 0.0174938365817, 0.00546791404486, 0.00399993173778, 0.00485573383048, 0.00361918844283, 0.00236739707179, 0.0034859450534, 0.00384978251532, 0.00186540803406, 0.00151899573393, 0.00163766089827, 0.0017720318865, 0.00133060116787, 0.00111539033242, 0.000866301590577, 0.000663519080263, 0.000239087370574, 0.000332716415869, 0.000219634530367, 0.00013451835548, 0.000177971378434, 0.000158074486535, 0.000198452238692, 0.000259007647401, 8.65270048962e-05, 1.95814245671e-05],
        "var": [8.14725717646e-06, 0.000306034344248, 2.98980830848e-05, 1.59994542628e-05, 2.35781517404e-05, 1.30985254145e-05, 5.60456874155e-06, 1.21518132801e-05, 1.48208246173e-05, 3.47974696524e-06, 2.30734804063e-06, 2.68193321062e-06, 3.14009685098e-06, 1.77049935246e-06, 1.24409564251e-06, 7.50478420741e-07, 4.40257593937e-07, 5.71627722934e-08, 1.10700206335e-07, 4.82393289758e-08, 1.80951875706e-08, 3.16738102413e-08, 2.49875427016e-08, 3.93832912948e-08, 6.70849686912e-08, 7.4869230815e-09, 3.834321749e-10]
    },
    "erbbands": {
        "dmean": [0.242659419775, 1.19564056396, 2.43888497353, 3.52656459808, 6.20540428162, 6.51969909668, 9.28214454651, 13.5698719025, 16.253818512, 15.4255638123, 31.0104198456, 29.2278633118, 14.3136548996, 15.8279209137, 12.7602968216, 16.1579055786, 19.8040847778, 16.7570476532, 15.1015415192, 11.992058754, 11.7081518173, 8.84242248535, 4.45123195648, 3.51187109947, 4.48011398315, 2.56979584694, 1.7031878233, 1.6430491209, 1.84977793694, 1.32087922096, 1.03297519684, 0.807818174362, 0.730862915516, 0.578849673271, 0.261684119701, 0.076206125319, 0.0248778816313, 0.00559511827305, 0.000823692011181, 3.42376661138e-05],
        "dmean2": [0.400718480349, 2.01547074318, 4.1117811203, 5.95701503754, 10.3143148422, 10.7634458542, 14.5936880112, 21.7968578339, 25.6934547424, 24.5700550079, 49.5562858582, 47.2499885559, 23.2744579315, 25.4337120056, 19.700176239, 25.5839958191, 31.536989212, 26.0846862793, 23.7672653198, 18.3946170807, 17.4439678192, 13.5407114029, 6.98040246964, 5.64353704453, 6.81996679306, 4.11499357224, 2.79464054108, 2.59341740608, 2.89103770256, 2.11572885513, 1.66525828838, 1.22241342068, 1.10012328625, 0.873371958733, 0.386034101248, 0.112679496408, 0.0364528372884, 0.00845894031227, 0.00129068957176, 5.36388033652e-05],
        "dvar": [0.325044184923, 5.72830533981, 29.1434383392, 75.3938598633, 200.168991089, 224.157806396, 321.709838867, 654.962646484, 766.492370605, 818.706481934, 4392.66943359, 4461.28173828, 1384.78063965, 1744.1192627, 903.83807373, 1539.07055664, 2439.06835938, 1539.53344727, 1268.87341309, 1195.44372559, 1189.85546875, 347.659759521, 112.467834473, 70.4347610474, 153.729400635, 68.1482620239, 22.1997375488, 13.2267723083, 17.2893409729, 20.6121883392, 17.0601596832, 5.37123203278, 6.52632427216, 5.50630378723, 1.4566732645, 0.119486190379, 0.0116622596979, 0.000461882853415, 1.1476599866e-05, 1.25177788135e-08],
        "dvar2": [0.84900021553, 15.0385465622, 79.1705474854, 209.789505005, 548.667663574, 602.054321289, 783.475219727, 1680.52038574, 1807.91589355, 2030.36853027, 11327.3320312, 11757.2382812, 3686.50610352, 4668.24707031, 2010.43859863, 3711.23144531, 6211.37597656, 3547.10522461, 3131.625, 2642.57592773, 2485.18652344, 785.444946289, 272.084320068, 170.119125366, 306.929870605, 179.655639648, 61.0983161926, 32.4113731384, 41.6838226318, 56.0089950562, 47.6866836548, 11.7295446396, 13.4893379211, 11.7900390625, 3.07535099983, 0.251204282045, 0.0231158267707, 0.00101120606996, 2.50697303272e-05, 2.70622919629e-08],
        "max": [7.00211811066, 38.5204772949, 83.553352356, 134.81010437, 249.344421387, 402.684631348, 455.869781494, 386.588684082, 430.042266846, 615.366088867, 1159.296875, 1097.74914551, 799.647949219, 922.386474609, 704.676757812, 874.637329102, 986.251281738, 898.327636719, 811.107116699, 740.75390625, 1554.85705566, 361.265563965, 351.571105957, 180.736114502, 402.805145264, 400.656860352, 85.5838241577, 51.7744865417, 63.9809074402, 80.391418457, 78.7966766357, 84.0039291382, 59.4922294617, 82.7832260132, 52.0915756226, 14.1357755661, 3.1837413311, 0.694775938988, 0.073602616787, 0.00262147537433],
        "mean": [0.365056574345, 2.1162250042, 4.40878915787, 6.08879137039, 9.97634983063, 11.6593618393, 17.406419754, 23.3208370209, 29.4444217682, 30.9403743744, 50.5221977234, 48.9040298462, 25.6787796021, 28.2046508789, 25.217508316, 29.4555072784, 36.9714813232, 33.5841598511, 28.0469036102, 21.1063804626, 23.980638504, 18.6661014557, 9.19925022125, 6.77485466003, 8.56739711761, 4.90221405029, 3.10744571686, 3.42340874672, 3.82048392296, 2.43146014214, 1.81575727463, 1.57840800285, 1.25158643723, 0.931584060192, 0.416262716055, 0.115323998034, 0.0355035327375, 0.00733287958428, 0.000912379939109, 6.9158966653e-05],
        "median": [0.104968383908, 0.825062274933, 2.27175855637, 3.42719078064, 4.73709058762, 5.49378967285, 8.84041213989, 12.2465105057, 15.9490795135, 19.4822044373, 18.0528793335, 15.1990756989, 7.25299453735, 6.52593040466, 6.02610874176, 7.18409824371, 7.60844898224, 7.50653743744, 5.8167219162, 4.28153514862, 4.74746799469, 4.29167032242, 2.1694996357, 1.72488570213, 1.48277688026, 1.06536579132, 0.807483792305, 0.729151010513, 0.636994719505, 0.464121937752, 0.349249005318, 0.284816235304, 0.181338369846, 0.12747952342, 0.0565456859767, 0.015458965674, 0.00430830614641, 0.000708232691977, 5.49685355509e-05, 4.07501102018e-05],
        "min": [1.26293563835e-22, 1.21546042397e-21, 3.70404167769e-21, 9.47828539965e-21, 6.41947650759e-21, 2.02709220186e-20, 3.20716276557e-20, 6.84821601286e-20, 1.0302327088e-19, 1.30265191271e-19, 3.97995883778e-19, 4.12139328085e-19, 6.80409872263e-19, 7.47401885906e-19, 1.25477891231e-18, 9.1690303244e-19, 8.43808648925e-19, 1.76018843793e-18, 2.73023741114e-18, 1.80761111604e-18, 5.86881005012e-18, 4.14189722707e-18, 5.74568545671e-18, 6.78460569451e-18, 7.4092759495e-18, 9.16057943367e-18, 8.58550113795e-18, 6.92592123036e-18, 1.1743151457e-17, 1.26842315312e-17, 1.20844006828e-17, 1.14367579678e-17, 9.82904393901e-18, 7.58097217489e-18, 6.17286551327e-18, 4.47648930331e-18, 2.14065615773e-18, 1.06211190064e-18, 2.20541007913e-19, 2.74438138535e-20],
        "stdev": [0.77375215292, 3.35244226456, 6.33894252777, 9.02165794373, 15.457983017, 19.2696971893, 27.3721847534, 32.1472015381, 37.0819702148, 39.2297325134, 88.8740844727, 92.7747116089, 52.4140205383, 62.0505943298, 56.9576797485, 60.4348335266, 75.3163528442, 71.9196166992, 56.6934013367, 51.0025177002, 53.940776825, 32.5314903259, 16.6618156433, 11.9447660446, 19.8182315826, 9.86585712433, 5.57736873627, 5.89728736877, 6.72145271301, 5.12660694122, 4.30356311798, 3.63907957077, 3.80409502983, 3.29226231575, 1.63299036026, 0.503954172134, 0.146990269423, 0.0269188005477, 0.00391765730456, 0.00013558716455],
        "var": [0.59869235754, 11.2388687134, 40.1821899414, 81.3903121948, 238.949234009, 371.32119751, 749.23651123, 1033.44262695, 1375.0723877, 1538.97192383, 7898.60351562, 8607.14648438, 2747.22949219, 3850.27636719, 3244.17749023, 3652.36914062, 5672.55273438, 5172.43115234, 3214.1418457, 2601.25683594, 2909.60742188, 1058.29785156, 277.616088867, 142.677429199, 392.762329102, 97.3351364136, 31.10704422, 34.7779998779, 45.1779289246, 26.2820968628, 18.5206546783, 13.2429008484, 14.4711389542, 10.8389911652, 2.66665768623, 0.253969788551, 0.0216061398387, 0.000724621815607, 1.53480377776e-05, 1.83838793077e-08]
    },
    "gfcc": {
        "mean": [-61.0280990601, 119.635887146, -99.0384597778, 12.0910406113, -58.9033470154, 5.92531108856, -40.9519042969, 5.08714675903, -13.5460500717, 4.90386247635, -13.4854764938, -4.38207149506, -11.7076587677],
        "cov": [[36071.2304688, -1288.83911133, -2362.37915039, 2385.69750977, -293.932037354, 2038.43469238, -341.066040039, 908.077453613, -557.971923828, 152.168685913, -263.192871094, 517.75982666, -12.6566400528], [-1288.83911133, 1902.02001953, 82.8186264038, -363.23223877, 212.536849976, -288.941223145, 61.4825897217, -190.581466675, 189.760726929, -108.901977539, 58.1749229431, -114.161766052, -2.55553197861], [-2362.37915039, 82.8186264038, 1045.50195312, 152.815917969, 136.121536255, -47.4404144287, 25.0775852203, -41.9088478088, -0.208745911717, 46.9164047241, -11.2267656326, -35.2743530273, -5.28846740723], [2385.69750977, -363.23223877, 152.815917969, 875.043029785, 264.976715088, 401.75958252, 108.370025635, 168.903442383, 6.47102022171, 69.9003601074, 40.3408966064, 89.0485610962, 93.4239044189], [-293.932037354, 212.536849976, 136.121536255, 264.976715088, 455.35357666, 215.899993896, 125.733566284, 50.2352104187, 78.1533279419, -3.84666848183, 40.8490905762, 59.5289878845, 73.2304458618], [2038.43469238, -288.941223145, -47.4404144287, 401.75958252, 215.899993896, 591.456787109, 195.137527466, 201.443740845, -55.0371894836, -4.03169775009, 30.347782135, 125.526779175, 45.5323944092], [-341.066040039, 61.4825897217, 25.0775852203, 108.370025635, 125.733566284, 195.137527466, 311.943847656, 110.249649048, 29.9146957397, -1.80829203129, 79.8744812012, 38.6308898926, 33.4878921509], [908.077453613, -190.581466675, -41.9088478088, 168.903442383, 50.2352104187, 201.443740845, 110.249649048, 201.355957031, 25.787311554, 28.7039680481, 33.7948989868, 43.7886581421, 22.4161739349], [-557.971923828, 189.760726929, -0.208745911717, 6.47102022171, 78.1533279419, -55.0371894836, 29.9146957397, 25.787311554, 180.133102417, 54.5268325806, 44.7361907959, -29.9580039978, 18.0609340668], [152.168685913, -108.901977539, 46.9164047241, 69.9003601074, -3.84666848183, -4.03169775009, -1.80829203129, 28.7039680481, 54.5268325806, 123.202865601, 43.9983215332, -7.73470449448, 11.8997240067], [-263.192871094, 58.1749229431, -11.2267656326, 40.3408966064, 40.8490905762, 30.347782135, 79.8744812012, 33.7948989868, 44.7361907959, 43.9983215332, 151.228790283, 37.7857246399, 41.4593811035], [517.75982666, -114.161766052, -35.2743530273, 89.0485610962, 59.5289878845, 125.526779175, 38.6308898926, 43.7886581421, -29.9580039978, -7.73470449448, 37.7857246399, 115.761138916, 40.1218719482], [-12.6566400528, -2.55553197861, -5.28846740723, 93.4239044189, 73.2304458618, 45.5323944092, 33.4878921509, 22.4161739349, 18.0609340668, 11.8997240067, 41.4593811035, 40.1218719482, 102.743553162]],
        "icov": [[8.58076818986e-05, -0.000157500413479, 0.000203575196792, -0.000267982832156, 0.000210924335988, -0.000200756679988, 0.000254794897046, -0.000252170633757, 0.000272435398074, -0.000343367573805, 0.000236025167396, -0.000236409920035, 0.000160364739713], [-0.000157500413479, 0.00124344520736, -0.000417027855292, 0.000765614502598, -0.000924018560909, 0.000473137100926, -0.000681819801684, 0.00116364785936, -0.00139856489841, 0.00182331865653, -0.0010646955343, 0.00116899225395, -0.000281036045635], [0.000203575196792, -0.000417027855292, 0.00163617439102, -0.000918809673749, -3.87866675737e-05, -7.60760940466e-06, 0.000292656157399, -0.000434589630459, 0.00128746835981, -0.00155595457181, 0.000785116513725, -0.000297428050544, 0.000718060880899], [-0.000267982832156, 0.000765614502598, -0.000918809673749, 0.00305057945661, -0.00142009055708, -0.000483838783111, -0.000370788940927, 0.000325276254443, -0.000820338027552, 0.000349714304321, -0.000754214241169, 0.00120126607362, -0.00161971105263], [0.000210924335988, -0.000924018560909, -3.87866675737e-05, -0.00142009055708, 0.00510558625683, -0.00209541013464, 0.000143065277371, 0.000662402424496, -0.00182697665878, 3.52464958269e-05, 0.0012112398399, -0.00193631381262, -0.00102480885107], [-0.000200756679988, 0.000473137100926, -7.60760940466e-06, -0.000483838783111, -0.00209541013464, 0.0055619943887, -0.00208141724579, -0.00221236003563, 0.00160450127441, 0.000601135659963, 0.000159908973728, -0.00156591273844, 0.000811607053038], [0.000254794897046, -0.000681819801684, 0.000292656157399, -0.000370788940927, 0.000143065277371, -0.00208141724579, 0.00629651034251, -0.00272915349342, 0.000613336160313, 0.000269682932412, -0.00193044892512, 0.00041116902139, 0.00020962835697], [-0.000252170633757, 0.00116364785936, -0.000434589630459, 0.000325276254443, 0.000662402424496, -0.00221236003563, -0.00272915349342, 0.0109413666651, -0.00411243038252, 0.00078096264042, -0.000652466493193, 7.80276750447e-05, -0.000444284873083], [0.000272435398074, -0.00139856489841, 0.00128746835981, -0.000820338027552, -0.00182697665878, 0.00160450127441, 0.000613336160313, -0.00411243038252, 0.0116787040606, -0.00565780419856, -0.000157740316354, 0.00162688898854, 0.000130082073156], [-0.000343367573805, 0.00182331865653, -0.00155595457181, 0.000349714304321, 3.52464958269e-05, 0.000601135659963, 0.000269682932412, 0.00078096264042, -0.00565780419856, 0.0150150517002, -0.00519552314654, 0.00304071721621, -0.000780214730185], [0.000236025167396, -0.0010646955343, 0.000785116513725, -0.000754214241169, 0.0012112398399, 0.000159908973728, -0.00193044892512, -0.000652466493193, -0.000157740316354, -0.00519552314654, 0.0117151429877, -0.00483354972675, -0.00164414558094], [-0.000236409920035, 0.00116899225395, -0.000297428050544, 0.00120126607362, -0.00193631381262, -0.00156591273844, 0.00041116902139, 7.80276750447e-05, 0.00162688898854, 0.00304071721621, -0.00483354972675, 0.015989638865, -0.00411637593061], [0.000160364739713, -0.000281036045635, 0.000718060880899, -0.00161971105263, -0.00102480885107, 0.000811607053038, 0.00020962835697, -0.000444284873083, 0.000130082073156, -0.000780214730185, -0.00164414558094, -0.00411637593061, 0.0139932623133]]
    },
    "melbands": {
        "dmean": [0.00180833495688, 0.00122806022409, 0.000659037032165, 0.000436218688264, 0.00029990641633, 0.000303494045511, 0.000240206762101, 0.000181295123184, 0.000246759766014, 0.000178383212187, 7.38623566576e-05, 6.87642968842e-05, 4.47513921245e-05, 5.14250423294e-05, 4.11435903516e-05, 4.54084729427e-05, 3.13216914947e-05, 2.72719444183e-05, 1.95895354409e-05, 1.29816944536e-05, 1.59353330673e-05, 1.00652141555e-05, 7.23940365788e-06, 3.61011598216e-06, 2.98463714898e-06, 3.50734558197e-06, 2.95907511827e-06, 1.59172793701e-06, 1.16577302833e-06, 1.00649663182e-06, 1.06229117591e-06, 1.21168875467e-06, 8.70675307851e-07, 7.58722478622e-07, 6.42429085929e-07, 5.62846651064e-07, 5.10098175255e-07, 5.19004515809e-07, 5.73360694034e-07, 4.90849117796e-07],
        "dmean2": [0.00297059305012, 0.00205117859878, 0.00110382749699, 0.000721384538338, 0.000473711377708, 0.000483168347273, 0.000378900469514, 0.000290633528493, 0.000393161724787, 0.000290222902549, 0.000120704040455, 0.000111248009489, 6.86126513756e-05, 8.12701837276e-05, 6.56717747916e-05, 7.22574623069e-05, 4.90901693411e-05, 4.31317421317e-05, 3.04035420413e-05, 1.99939822778e-05, 2.40053414018e-05, 1.55650668603e-05, 1.12358075057e-05, 5.86632586419e-06, 4.87769693791e-06, 5.33714865014e-06, 4.63238302473e-06, 2.60447018263e-06, 1.95324719243e-06, 1.64407151715e-06, 1.68546750956e-06, 1.91668073057e-06, 1.38139057526e-06, 1.2394833675e-06, 1.06808158762e-06, 8.79575793533e-07, 7.76350304932e-07, 7.96503798028e-07, 8.80285710991e-07, 7.47290357594e-07],
        "dvar": [1.47787304741e-05, 6.49642834105e-06, 2.38704842559e-06, 9.26739971874e-07, 3.01494452515e-07, 3.01926235124e-07, 1.5512749485e-07, 1.0809808515e-07, 2.53851055732e-07, 1.70743248873e-07, 3.7816636933e-08, 3.47508724019e-08, 1.32305091327e-08, 1.77710273164e-08, 1.00305834749e-08, 1.13230003151e-08, 5.45249800865e-09, 4.50148851527e-09, 3.63870955589e-09, 1.34111588501e-09, 2.1681541007e-09, 4.19693169107e-10, 3.33534644348e-10, 7.75962002986e-11, 5.29041359332e-11, 1.0517696436e-10, 7.94224269685e-11, 2.33556837065e-11, 1.00357803665e-11, 6.52804242954e-12, 5.64615845397e-12, 7.50308756098e-12, 4.43862828436e-12, 8.81846852485e-12, 7.43519482094e-12, 2.74119811051e-12, 2.29288961949e-12, 3.21388098426e-12, 5.00041501261e-12, 4.21035211903e-12],
        "dvar2": [3.84525228583e-05, 1.74213164428e-05, 6.56988459014e-06, 2.53678535955e-06, 7.43083717225e-07, 7.5774198649e-07, 3.65340014241e-07, 2.75925003734e-07, 6.48802085834e-07, 4.61884837932e-07, 1.00698805738e-07, 9.39835800295e-08, 2.75710547726e-08, 4.15604546333e-08, 2.47574423184e-08, 2.84424128694e-08, 1.25347296986e-08, 1.11559277371e-08, 8.04187383352e-09, 3.01609026643e-09, 4.62917615351e-09, 9.99190508111e-10, 7.66346319736e-10, 1.97625887877e-10, 1.31035168827e-10, 1.96616792292e-10, 1.88234622334e-10, 6.17419934623e-11, 2.79393036484e-11, 1.73529021014e-11, 1.38588255455e-11, 1.84595151664e-11, 1.10801662984e-11, 2.4516451369e-11, 2.12571418801e-11, 6.85804234582e-12, 4.95095804631e-12, 6.97165025362e-12, 1.08071780691e-11, 9.27722308697e-12],
        "max": [0.0525326766074, 0.0364132188261, 0.020683625713, 0.0179706700146, 0.012605374679, 0.00780075136572, 0.00647482089698, 0.00600637029856, 0.00820318143815, 0.00597193138674, 0.00406456924975, 0.00409334572032, 0.00346928508952, 0.00307554239407, 0.00216240948066, 0.00195981143042, 0.00188703730237, 0.00170124135911, 0.00147554546129, 0.000815634266473, 0.00206741900183, 0.000441536132712, 0.000381063844543, 0.000247817020863, 0.000168491213117, 0.000420692231273, 0.000307417212753, 0.000214004074223, 5.85176421737e-05, 3.9975719119e-05, 3.7541572965e-05, 4.6631656005e-05, 3.47140630765e-05, 5.53274039703e-05, 5.4354648455e-05, 3.44100335496e-05, 6.51475784252e-05, 4.78459623992e-05, 8.34972670418e-05, 7.72863058955e-05],
        "mean": [0.00310014933348, 0.00245601334609, 0.00118726224173, 0.000777304521762, 0.000580237945542, 0.000532777630724, 0.000451930827694, 0.000346343731508, 0.000409840344219, 0.000288555893349, 0.000124043683172, 0.000116854331282, 8.2937629486e-05, 8.69075738592e-05, 7.05343481968e-05, 8.60279178596e-05, 5.76787278987e-05, 4.71351122542e-05, 3.24816282955e-05, 2.22375329031e-05, 3.05483335978e-05, 1.97675599338e-05, 1.32296763695e-05, 6.32233877695e-06, 5.15714009452e-06, 6.28868156127e-06, 5.33885804543e-06, 2.7672563192e-06, 1.90501077668e-06, 1.782969548e-06, 2.08859819395e-06, 2.3603442969e-06, 1.6327009007e-06, 1.24214352581e-06, 1.02816227354e-06, 1.01364537386e-06, 9.37972174597e-07, 8.5414114892e-07, 8.69318455443e-07, 7.68038717069e-07],
        "median": [0.00111296935938, 0.00138377351686, 0.000730820698664, 0.000412647146732, 0.000322773121297, 0.000285908696242, 0.000259967811871, 0.000205381715205, 0.000149146449985, 7.9663899669e-05, 2.98298527923e-05, 2.43534523179e-05, 1.81587820407e-05, 1.74497217813e-05, 1.642548159e-05, 1.55613088282e-05, 1.22505080071e-05, 8.67833568918e-06, 5.83168457524e-06, 4.72945339425e-06, 5.65151322007e-06, 4.67653671876e-06, 2.29300644605e-06, 1.471685664e-06, 1.22119593016e-06, 1.15512182219e-06, 8.3541431195e-07, 5.88940849866e-07, 4.72186883371e-07, 4.14221688061e-07, 3.92135063976e-07, 3.71398357402e-07, 2.89000411158e-07, 2.27761887572e-07, 1.89014230045e-07, 1.81078149808e-07, 1.58272598583e-07, 1.17488959006e-07, 1.12842613476e-07, 1.00621704746e-07],
        "min": [1.58646731965e-24, 2.02663316653e-24, 2.05360747633e-24, 7.03521242241e-25, 1.67269474697e-24, 1.62067587838e-24, 1.91482376892e-24, 1.59749263688e-24, 3.01111422131e-24, 2.42273324325e-24, 3.27099517742e-24, 2.55795741304e-24, 3.3102753229e-24, 2.39828092177e-24, 2.26122876405e-24, 2.19055589884e-24, 2.70586114138e-24, 2.57036974495e-24, 3.17112006201e-24, 2.6967910159e-24, 5.15568051545e-24, 3.54996439807e-24, 3.3604433266e-24, 5.57287986037e-24, 4.30345396359e-24, 5.08186916713e-24, 5.45515380875e-24, 4.91255516219e-24, 4.88189884412e-24, 4.19630969215e-24, 3.66853413643e-24, 6.34212771134e-24, 5.61354879548e-24, 5.52431206102e-24, 6.34011256615e-24, 5.38265788599e-24, 6.3942134359e-24, 6.41318277965e-24, 7.11559162941e-24, 5.60149460642e-24],
        "stdev": [0.00560761615634, 0.00331934448332, 0.00162987934891, 0.00115065288264, 0.000837183382828, 0.000710152904503, 0.000540959881619, 0.000445050798589, 0.000695336610079, 0.000564172107261, 0.000269653944997, 0.000271357508609, 0.000225759693421, 0.000208677942283, 0.000146320831846, 0.000179082649993, 0.000125982594909, 0.000103446422145, 8.74059624039e-05, 5.31222103746e-05, 7.00042073731e-05, 3.36021512339e-05, 2.8091153581e-05, 1.2137397789e-05, 9.62373906077e-06, 1.55489306053e-05, 1.25299156934e-05, 5.67260030948e-06, 3.5537302665e-06, 3.29280146616e-06, 3.76143907488e-06, 4.28230850957e-06, 3.04545096697e-06, 2.98937584375e-06, 2.6401598916e-06, 2.20944798457e-06, 2.34427511714e-06, 2.60132196672e-06, 3.04622653857e-06, 2.79508140011e-06],
        "var": [3.14453573083e-05, 1.10180471893e-05, 2.65650669462e-06, 1.3240021417e-06, 7.00876057635e-07, 5.04317142713e-07, 2.92637622579e-07, 1.98070210899e-07, 4.83493010961e-07, 3.18290148016e-07, 7.27132487555e-08, 7.36349008434e-08, 5.09674364935e-08, 4.35464855286e-08, 2.14097841678e-08, 3.20705950685e-08, 1.58716151333e-08, 1.07011626227e-08, 7.63980168017e-09, 2.82196910284e-09, 4.90058882363e-09, 1.12910447658e-09, 7.89112941657e-10, 1.47316422949e-10, 9.26163451487e-11, 2.41769215759e-10, 1.56998788969e-10, 3.2178395365e-11, 1.26289985414e-11, 1.08425421419e-11, 1.41484246194e-11, 1.83381677898e-11, 9.2747719227e-12, 8.93636727117e-12, 6.97044375345e-12, 4.88166018026e-12, 5.49562608962e-12, 6.76687655563e-12, 9.27949557472e-12, 7.81247982973e-12]
    },
    "melbands128": {
