{
"lowlevel": {
    "average_loudness": 0.942291498184,
    "barkbands_crest": {
        "dmean": 3.54618096352,
        "dmean2": 5.55907821655,
        "dvar": 9.89804363251,
        "dvar2": 22.3598861694,
        "max": 26.2183303833,
        "mean": 12.9730997086,
        "median": 12.2887916565,
        "min": 2.46597599983,
        "stdev": 5.24352312088,
        "var": 27.4945335388
    },
    "barkbands_flatness_db": {
        "dmean": 0.0311968289316,
        "dmean2": 0.0447984561324,
        "dvar": 0.000903760490473,
        "dvar2": 0.00174270174466,
        "max": 0.564334750175,
        "mean": 0.160564556718,
        "median": 0.147924229503,
        "min": 0.0197135340422,
        "stdev": 0.0750438943505,
        "var": 0.00563158560544
    },
    "barkbands_kurtosis": {
        "dmean": 8.65981292725,
        "dmean2": 13.1379241943,
        "dvar": 577.13659668,
        "dvar2": 1345.05029297,
        "max": 639.814819336,
        "mean": 10.5466556549,
        "median": 1.93860435486,
        "min": -1.9526860714,
        "stdev": 30.6505794525,
        "var": 939.458068848
    },
    "barkbands_skewness": {
        "dmean": 0.94712471962,
        "dmean2": 1.34700214863,
        "dvar": 1.36409759521,
        "dvar2": 2.70126461983,
        "max": 22.4625415802,
        "mean": 1.84924912453,
        "median": 1.28660821915,
        "min": -6.79821014404,
        "stdev": 2.25731015205,
        "var": 5.09544897079
    },
    "barkbands_spread": {
        "dmean": 7.14957380295,
        "dmean2": 10.8919229507,
        "dvar": 66.0722808838,
        "dvar2": 141.148468018,
        "max": 119.08694458,
        "mean": 23.1330242157,
        "median": 21.4027462006,
        "min": 0.191749617457,
        "stdev": 14.8693141937,
        "var": 221.096511841
    },
    "dissonance": {
        "dmean": 0.02244829759,
        "dmean2": 0.0370926894248,
        "dvar": 0.000654959061649,
        "dvar2": 0.001712057041,
        "max": 0.499999880791,
        "mean": 0.45700854063,
        "median": 0.471018344164,
        "min": 0.162443548441,
        "stdev": 0.0425692386925,
        "var": 0.00181214010809
    },
    "dynamic_complexity": 4.10820579529,
    "erbbands_crest": {
        "dmean": 3.00759768486,
        "dmean2": 4.75774288177,
        "dvar": 9.21333694458,
        "dvar2": 21.9604034424,
        "max": 33.1698074341,
        "mean": 10.5352125168,
        "median": 9.3038187027,
        "min": 2.34460806847,
        "stdev": 5.55148887634,
        "var": 30.8190288544
    },
    "erbbands_flatness_db": {
        "dmean": 0.021259713918,
        "dmean2": 0.0304298326373,
        "dvar": 0.00042070960626,
        "dvar2": 0.000845440430567,
        "max": 0.394144892693,
        "mean": 0.160270407796,
        "median": 0.149809509516,
        "min": 0.038448933512,
        "stdev": 0.058627538383,
        "var": 0.00343718822114
    },
    "erbbands_kurtosis": {
        "dmean": 1.41710817814,
        "dmean2": 2.21221804619,
        "dvar": 6.25474023819,
        "dvar2": 14.7190494537,
        "max": 78.454574585,
        "mean": 1.35781097412,
        "median": 0.20000910759,
        "min": -1.89472055435,
        "stdev": 3.50346946716,
        "var": 12.2742986679
    },
    "erbbands_skewness": {
        "dmean": 0.444908887148,
        "dmean2": 0.663675785065,
        "dvar": 0.211011946201,
        "dvar2": 0.464291751385,
        "max": 7.02332115173,
        "mean": 0.265363782644,
        "median": 0.212665095925,
        "min": -4.97123384476,
        "stdev": 0.940330445766,
        "var": 0.884221374989
    },
    "erbbands_spread": {
        "dmean": 9.46527385712,
        "dmean2": 14.3233480453,
        "dvar": 138.770523071,
        "dvar2": 310.963623047,
        "max": 194.663085938,
        "mean": 34.9200706482,
        "median": 31.5955028534,
        "min": 0.789863586426,
        "stdev": 20.7654819489,
        "var": 431.20526123
    },
    "hfc": {
        "dmean": 8.5626783371,
        "dmean2": 11.5759811401,
        "dvar": 173.657562256,
        "dvar2": 331.769866943,
        "max": 163.424743652,
        "mean": 21.9009475708,
        "median": 16.8856086731,
        "min": 1.05107286103e-16,
        "stdev": 21.6176929474,
        "var": 467.324645996
    },
    "loudness_ebu128": {
        "integrated": -9.21019649506,
        "loudness_range": 4.55725479126,
        "momentary": {
            "dmean": 0.974023520947,
            "dmean2": 1.25708377361,
            "dvar": 41.4179344177,
            "dvar2": 69.9996490479,
            "max": -6.16198205948,
            "mean": -17.2655735016,
            "median": -9.30349731445,
            "min": -300.691009521,
            "stdev": 41.5071144104,
            "var": 1722.8404541
        },
        "short_term": {
            "dmean": 0.211087986827,
            "dmean2": 0.240078508854,
            "dvar": 12.0076761246,
            "dvar2": 19.8050384521,
            "max": -7.44821929932,
            "mean": -12.8979177475,
            "median": -9.20597839355,
            "min": -300.691009521,
            "stdev": 23.4300270081,
            "var": 548.966186523
        }
    },
    "melbands_crest": {
        "dmean": 4.55982637405,
        "dmean2": 7.0018658638,
        "dvar": 17.9324169159,
        "dvar2": 38.8911895752,
        "max": 38.4609336853,
        "mean": 21.1208992004,
        "median": 20.8329524994,
        "min": 1.2487244606,
        "stdev": 8.83227920532,
        "var": 78.009147644
    },
    "melbands_flatness_db": {
        "dmean": 0.0379641801119,
        "dmean2": 0.0527209863067,
        "dvar": 0.00133910216391,
        "dvar2": 0.00245459121652,
        "max": 0.666291952133,
        "mean": 0.228585466743,
        "median": 0.217588886619,
        "min": 0.00129594258033,
        "stdev": 0.0977574884892,
        "var": 0.00955652724952
    },
    "melbands_kurtosis": {
        "dmean": 22.7355384827,
        "dmean2": 34.346534729,
        "dvar": 4942.80126953,
        "dvar2": 11521.9003906,
        "max": 2267.27172852,
        "mean": 30.5030078888,
        "median": 6.13136482239,
        "min": -1.90418016911,
        "stdev": 88.0265655518,
        "var": 7748.67626953
    },
    "melbands_skewness": {
        "dmean": 1.33313465118,
        "dmean2": 1.92810702324,
        "dvar": 3.28243494034,
        "dvar2": 6.71353197098,
        "max": 36.9763221741,
        "mean": 3.23446369171,
        "median": 2.22160577774,
        "min": -2.92664289474,
        "stdev": 3.36483621597,
        "var": 11.3221235275
    },
    "melbands_spread": {
        "dmean": 9.13993549347,
        "dmean2": 13.6974878311,
        "dvar": 129.394332886,
        "dvar2": 262.988311768,
        "max": 240.411132812,
        "mean": 27.2150096893,
        "median": 20.7753219604,
        "min": 0.0884433239698,
        "stdev": 26.0446205139,
        "var": 678.322265625
    },
    "pitch_salience": {
        "dmean": 0.0906309783459,
        "dmean2": 0.140449941158,
        "dvar": 0.00720519060269,
        "dvar2": 0.0158426743001,
        "max": 0.975474238396,
        "mean": 0.450183302164,
        "median": 0.455227136612,
        "min": 0.019994430244,
        "stdev": 0.166308328509,
        "var": 0.0276584606618
    },
    "silence_rate_20dB": {
        "dmean": 0,
        "dmean2": 0,
        "dvar": 0,
        "dvar2": 0,
        "max": 1,
        "mean": 1,
        "median": 1,
        "min": 1,
        "stdev": 0,
        "var": 0
    },
    "silence_rate_30dB": {
        "dmean": 0.0992156043649,
        "dmean2": 0.198452249169,
        "dvar": 0.0893678739667,
        "dvar2": 0.199578508735,
        "max": 1,
        "mean": 0.902066767216,
        "median": 1,
        "min": 0,
        "stdev": 0.297216266394,
        "var": 0.0883375033736
    },
    "silence_rate_60dB": {
        "dmean": 0.0158999357373,
        "dmean2": 0.0318032428622,
        "dvar": 0.0156481657177,
        "dvar2": 0.0341812297702,
        "max": 1,
        "mean": 0.11340752244,
        "median": 0,
        "min": 0,
        "stdev": 0.317082226276,
        "var": 0.100541129708
    },
    "spectral_centroid": {
        "dmean": 318.678253174,
        "dmean2": 465.032531738,
        "dvar": 145691.71875,
        "dvar2": 276908.46875,
        "max": 11869.3359375,
        "mean": 1832.56933594,
        "median": 1576.16699219,
        "min": 139.69291687,
        "stdev": 1601.21142578,
        "var": 2563878
    },
    "spectral_complexity": {
        "dmean": 3.95993208885,
        "dmean2": 5.52761602402,
        "dvar": 32.6666717529,
        "dvar2": 46.5125541687,
        "max": 61,
        "mean": 15.9255962372,
        "median": 14,
        "min": 0,
        "stdev": 12.3670663834,
        "var": 152.944320679
    },
    "spectral_decrease": {
        "dmean": 5.08697706181e-09,
        "dmean2": 7.77493447401e-09,
        "dvar": 4.76440614184e-17,
        "dvar2": 1.06590487116e-16,
        "max": 4.74499755604e-24,
        "mean": -1.07612105893e-08,
        "median": -6.7874244003e-09,
        "min": -5.87732706947e-08,
        "stdev": 1.09060440678e-08,
        "var": 1.18941795822e-16
    },
    "spectral_energy": {
        "dmean": 0.0196663085371,
        "dmean2": 0.0300045795739,
        "dvar": 0.000692236062605,
        "dvar2": 0.00154555984773,
        "max": 0.225389391184,
        "mean": 0.0426017567515,
        "median": 0.0278512686491,
        "min": 9.70245861579e-21,
        "stdev": 0.041954215616,
        "var": 0.00176015635952
    },
    "spectral_energyband_high": {
        "dmean": 0.000459829665488,
        "dmean2": 0.000656055519357,
        "dvar": 8.08785443951e-07,
        "dvar2": 1.58473551437e-06,
        "max": 0.0109234871343,
        "mean": 0.000852171855513,
        "median": 0.000441091659013,
        "min": 6.98113537469e-21,
        "stdev": 0.00125382805709,
        "var": 1.57208467044e-06
    },
    "spectral_energyband_low": {
        "dmean": 0.0172169413418,
        "dmean2": 0.0248558335006,
        "dvar": 0.000626328866929,
        "dvar2": 0.00136389338877,
        "max": 0.205535829067,
        "mean": 0.0281342379749,
        "median": 0.0111267343163,
        "min": 1.0286020452e-23,
        "stdev": 0.0378081202507,
        "var": 0.00142945384141
    },
    "spectral_energyband_middle_high": {
        "dmean": 0.00302949384786,
        "dmean2": 0.00407689157873,
        "dvar": 2.36495652643e-05,
        "dvar2": 4.57504756923e-05,
        "max": 0.0718157365918,
        "mean": 0.007164074108,
        "median": 0.00366785028018,
        "min": 1.06682984078e-21,
        "stdev": 0.00885216798633,
        "var": 7.83608847996e-05
    },
    "spectral_energyband_middle_low": {
        "dmean": 0.005525842309,
        "dmean2": 0.00967104081064,
        "dvar": 0.000173705338966,
        "dvar2": 0.000500073016156,
        "max": 0.105813927948,
        "mean": 0.0075690257363,
        "median": 0.00449371011928,
        "min": 1.34854055186e-22,
        "stdev": 0.0114493397996,
        "var": 0.000131087392219
    },
    "spectral_entropy": {
        "dmean": 0.191950917244,
        "dmean2": 0.286654233932,
        "dvar": 0.0475561544299,
        "dvar2": 0.0995328724384,
        "max": 9.82837486267,
        "mean": 7.59424114227,
        "median": 7.64805984497,
        "min": 4.72523450851,
        "stdev": 0.64311593771,
        "var": 0.41359809041
    },
    "spectral_flux": {
        "dmean": 0.0416998490691,
        "dmean2": 0.067502938211,
        "dvar": 0.0026313518174,
        "dvar2": 0.00597115093842,
        "max": 0.427800536156,
        "mean": 0.105365417898,
        "median": 0.0898012965918,
        "min": 6.16228248984e-11,
        "stdev": 0.0794031843543,
        "var": 0.00630486570299
    },
    "spectral_kurtosis": {
        "dmean": 1.54808247089,
        "dmean2": 2.58255672455,
        "dvar": 7.66370534897,
        "dvar2": 22.5597248077,
        "max": 85.6376342773,
        "mean": 5.05466461182,
        "median": 3.82129812241,
        "min": -1.26659846306,
        "stdev": 6.17457199097,
        "var": 38.1253395081
    },
    "spectral_rms": {
        "dmean": 0.00131707522087,
        "dmean2": 0.00196585734375,
        "dvar": 2.3206748665e-06,
        "dvar2": 4.78617675981e-06,
        "max": 0.0148287583143,
        "mean": 0.00558374775574,
        "median": 0.00521267391741,
        "min": 3.07665611737e-12,
        "stdev": 0.00322247855365,
        "var": 1.03843685793e-05
    },
    "spectral_rolloff": {
        "dmean": 502.766967773,
        "dmean2": 814.800354004,
        "dvar": 693375.1875,
        "dvar2": 1485130.375,
        "max": 19659.8144531,
        "mean": 1698.67724609,
        "median": 1012.06054688,
        "min": 43.06640625,
        "stdev": 2963.92724609,
        "var": 8784864
    },
    "spectral_skewness": {
        "dmean": 0.217946723104,
        "dmean2": 0.350457936525,
        "dvar": 0.0635989159346,
        "dvar2": 0.164933696389,
        "max": 7.47701978683,
        "mean": 1.62747728825,
        "median": 1.53369474411,
        "min": -0.263066053391,
        "stdev": 0.688916504383,
        "var": 0.474605947733
    },
    "spectral_spread": {
        "dmean": 695451.4375,
        "dmean2": 1039099.25,
        "dvar": 909411876864,
        "dvar2": 1.91526076416e+12,
        "max": 45552500,
        "mean": 5743991.5,
        "median": 4843786.5,
        "min": 1098195.125,
        "stdev": 5579431.5,
        "var": 3.1130055082e+13
    },
    "spectral_strongpeak": {
        "dmean": 0.503733932972,
        "dmean2": 0.871424198151,
        "dvar": 1.09410142899,
        "dvar2": 2.64559459686,
        "max": 15.2464103699,
        "mean": 0.792686164379,
        "median": 0.337103813887,
        "min": 0,
        "stdev": 1.27771711349,
        "var": 1.63256108761
    },
    "zerocrossingrate": {
        "dmean": 0.0115913748741,
        "dmean2": 0.0137302633375,
        "dvar": 0.000164379060152,
        "dvar2": 0.000209922596696,
        "max": 0.5888671875,
        "mean": 0.0639359652996,
        "median": 0.04931640625,
        "min": 0.00146484375,
        "stdev": 0.0768034979701,
        "var": 0.00589877692983
    },
    "barkbands": {
        "dmean": [0.00253748823889, 0.0153763405979, 0.00297320494428, 0.00273045734502, 0.00115075102076, 0.000827554205898, 0.000461247109342, 0.000412988156313, 0.000802567403298, 0.000831241603009, 0.000878791906871, 0.000562688277569, 0.000465134275146, 0.000397371186409, 0.000395698880311, 0.000309525203193, 0.000346040353179, 0.000277974904748, 0.00028681292315, 0.000186692064744, 0.000124660960864, 0.00010406896763, 6.06906905887e-05, 5.66700873605e-05, 6.45725376671e-05, 3.66446947737e-05, 8.3719887698e-06],
        "dmean2": [0.00364025635645, 0.0234403442591, 0.00532640004531, 0.00519134057686, 0.00210278783925, 0.00126141915098, 0.000723867269699, 0.00064305390697, 0.00120762095321, 0.0012535561109, 0.00132833805401, 0.000851576158311, 0.000726577767637, 0.000590099021792, 0.000615417840891, 0.000474981206935, 0.00052434153622, 0.000404334568884, 0.000437078240793, 0.000290804891847, 0.000187991157873, 0.000154730805662, 8.95502962521e-05, 8.31175420899e-05, 9.57760421443e-05, 5.7549259509e-05, 1.3440654584e-05],
        "dvar": [1.95645425265e-05, 0.000630614231341, 8.96142009879e-05, 8.71650045156e-05, 1.21595321616e-05, 2.41046177507e-06, 2.26563292927e-06, 1.70652003817e-06, 3.43924011759e-06, 4.36937489212e-06, 4.74588478028e-06, 1.89303443676e-06, 1.29816589833e-06, 1.12331792934e-06, 8.99743383798e-07, 5.40115195236e-07, 5.50102186025e-07, 3.08378105274e-07, 3.68236584336e-07, 1.32413404685e-07, 8.20663927925e-08, 4.58099798095e-08, 1.59232413921e-08, 1.49673535788e-08, 1.05325517197e-08, 4.09288603009e-09, 3.32581906459e-10],
        "dvar2": [3.91724643123e-05, 0.00141384231392, 0.000245707749855, 0.000253985577729, 3.49789443135e-05, 5.29616590939e-06, 5.31458272235e-06, 3.79149378205e-06, 7.42329712011e-06, 9.18971727515e-06, 1.04854061647e-05, 4.39626455773e-06, 3.0569460705e-06, 2.35573293139e-06, 2.11652968574e-06, 1.19692776934e-06, 1.26989471028e-06, 6.31390150829e-07, 9.08420702217e-07, 3.12593385843e-07, 1.85122203789e-07, 9.30121970555e-08, 3.24945936825e-08, 3.15190504807e-08, 2.26806200487e-08, 8.9389757818e-09, 7.67269026092e-10],
        "max": [0.0591352432966, 0.192083120346, 0.0885375291109, 0.0683974251151, 0.029880778864, 0.051430311054, 0.0421974174678, 0.0259988456964, 0.0429927632213, 0.039548419416, 0.0435692928731, 0.0395233891904, 0.0261063463986, 0.0223132632673, 0.0159311164171, 0.0200021341443, 0.0124785620719, 0.0151679627597, 0.0192638672888, 0.00377898430452, 0.00465933838859, 0.00276626017876, 0.00253155222163, 0.00420429371297, 0.00172047456726, 0.000820379238576, 0.000294245401165],
        "mean": [0.00396747654304, 0.0212177932262, 0.00218799826689, 0.00175904121716, 0.000996560673229, 0.0015632447321, 0.000602349755354, 0.000584742520005, 0.001305341837, 0.00133392261341, 0.00150690507144, 0.000838375708554, 0.000682564743329, 0.000578663893975, 0.000615884899162, 0.000434095563833, 0.000492291001137, 0.000485554657644, 0.000439769442892, 0.000314889708534, 0.000196795372176, 0.000159352173796, 9.62248450378e-05, 8.93814722076e-05, 0.000103271901025, 4.10778739024e-05, 8.20203240437e-06],
        "median": [0.000743306183722, 0.00891520362347, 0.000124257989228, 9.76966548478e-05, 0.000227455224376, 0.00064336223295, 0.000164198645507, 0.000131457782118, 0.000383049569791, 0.000186893390492, 0.000193791594938, 0.000201335627935, 0.000109457003418, 7.85372685641e-05, 0.00011167419143, 9.89537729765e-05, 0.000124685204355, 0.000141220429214, 0.000154194392962, 0.000118793512229, 7.16320646461e-05, 5.80686792091e-05, 3.75677700504e-05, 3.84593622584e-05, 3.90376590076e-05, 1.01873110907e-05, 1.03328386558e-06],
        "min": [1.40030995109e-25, 1.11276295278e-24, 1.30737730468e-24, 2.71028300257e-25, 4.00962260349e-24, 3.8238056284e-24, 5.75994284126e-24, 5.39444741222e-24, 9.42314703898e-24, 1.14796324771e-23, 1.55811057057e-23, 1.87793166317e-23, 2.42913780773e-23, 3.0953608189e-23, 2.8197142015e-23, 4.24681753713e-23, 5.63128357192e-23, 7.48545001146e-23, 1.20320107112e-22, 1.52034448582e-22, 2.3707191236e-22, 3.1850050789e-22, 3.44143813699e-22, 5.65416318874e-22, 8.65765478123e-22, 1.28935647071e-21, 1.73798522685e-21],
        "stdev": [0.00673593766987, 0.0309703182429, 0.00775097496808, 0.00703119533136, 0.00277582905255, 0.00252842763439, 0.00167333846912, 0.00170771789271, 0.0026763654314, 0.00318817235529, 0.00396982207894, 0.0018105955096, 0.00154477497563, 0.00151139241643, 0.00135722476989, 0.000970021821558, 0.000957861193456, 0.000862609827891, 0.000803491682746, 0.000488424499054, 0.000362285005394, 0.000286850437988, 0.000167818187037, 0.000156245339895, 0.000144393939991, 7.39859970054e-05, 1.93425948964e-05],
        "var": [4.53728534922e-05, 0.00095916056307, 6.00776147621e-05, 4.94377054565e-05, 7.70522728999e-06, 6.39294648863e-06, 2.8000617931e-06, 2.9163002182e-06, 7.16293197911e-06, 1.01644436654e-05, 1.57594877237e-05, 3.27825591739e-06, 2.3863296974e-06, 2.28430690186e-06, 1.84205907772e-06, 9.40942300076e-07, 9.17498027775e-07, 7.44095757454e-07, 6.45598902338e-07, 2.38558499177e-07, 1.31250430968e-07, 8.22831793812e-08, 2.81629457533e-08, 2.4412607047e-08, 2.08496082621e-08, 5.47392797756e-09, 3.74135999959e-10]
    },
    "erbbands": {
        "dmean": [0.829711854458, 2.09772467613, 2.88996481895, 7.22621870041, 6.41645288467, 3.06316280365, 3.37935876846, 8.48210716248, 7.6190571785, 6.07356977463, 11.2207221985, 18.1370449066, 25.9685173035, 30.1670818329, 23.8133354187, 22.8111858368, 20.5086631775, 21.1103515625, 17.6320343018, 20.6019077301, 15.5929069519, 17.6117401123, 14.6219358444, 17.7741622925, 9.82222557068, 7.86823272705, 5.39770030975, 5.25746870041, 4.11350345612, 2.29585671425, 1.85862135887, 1.28114700317, 0.911621689796, 0.734053909779, 0.44623953104, 0.217452794313, 0.0546046569943, 0.0110047571361, 0.0016765963519, 6.19864076725e-05],
        "dmean2": [1.28672885895, 3.14807510376, 4.9663233757, 13.4692792892, 12.0851821899, 5.52654743195, 5.19668483734, 12.9788360596, 11.9192914963, 9.57803726196, 16.8944091797, 26.7178115845, 38.2531661987, 45.2203330994, 35.6600151062, 34.1685371399, 31.386680603, 30.8252735138, 25.8192844391, 31.6397228241, 22.8723773956, 26.1085586548, 20.5575256348, 26.5340766907, 14.3947954178, 12.1148223877, 8.39908313751, 7.69264221191, 6.14921617508, 3.39703035355, 2.77423214912, 1.8987429142, 1.34000492096, 1.06079781055, 0.690342366695, 0.338867217302, 0.0870582386851, 0.0173696614802, 0.00268153939396, 9.51753390837e-05],
        "dvar": [1.86631774902, 13.0573911667, 75.3956604004, 567.298339844, 491.538787842, 70.1814956665, 37.9088363647, 327.359008789, 562.616699219, 351.212036133, 1063.22521973, 2024.37634277, 4434.52392578, 7363.13525391, 3137.72045898, 2951.6574707, 2527.34204102, 2693.74389648, 1774.32263184, 3499.32617188, 873.112121582, 1432.62438965, 792.58795166, 1527.70983887, 362.266296387, 242.516052246, 124.956459045, 162.885437012, 70.8313598633, 27.9274330139, 14.2746448517, 7.01245069504, 4.14937210083, 1.54920077324, 0.483050525188, 0.136148795485, 0.00965827424079, 0.000393615919165, 1.41905684359e-05, 1.37416265034e-08],
        "dvar2": [4.29683732986, 29.0406017303, 200.861968994, 1625.24304199, 1425.60266113, 199.952102661, 81.3780593872, 705.789611816, 1340.19445801, 816.576049805, 2333.43969727, 4189.44482422, 8989.81640625, 17442.7109375, 7005.34570312, 6719.81494141, 5915.38378906, 5413.5859375, 3491.37475586, 8737.3359375, 1792.02880859, 3283.72387695, 1700.84436035, 3387.65527344, 812.327514648, 540.063842773, 278.261169434, 375.348052979, 147.575515747, 58.2897796631, 29.2874641418, 14.3822069168, 9.1028547287, 3.31348514557, 1.09787464142, 0.294782876968, 0.0213796887547, 0.000899623148143, 3.25042747136e-05, 3.03136040714e-08],
        "max": [9.80363273621, 30.4231491089, 78.1689529419, 184.099487305, 175.782791138, 77.6902694702, 252.523483276, 643.317871094, 736.390075684, 457.335632324, 585.241699219, 1259.64282227, 1578.52758789, 1835.93188477, 1381.6171875, 1035.28393555, 1075.9453125, 1311.22241211, 1098.29748535, 1221.99719238, 492.964660645, 856.924682617, 475.444641113, 1530.17724609, 298.615020752, 205.540100098, 203.238754272, 193.970870972, 105.545684814, 112.853294373, 64.2033233643, 79.928894043, 71.2172164917, 27.8238258362, 9.25102901459, 5.83162021637, 1.28037703037, 0.278223544359, 0.0639174282551, 0.00208742590621],
        "mean": [1.12993264198, 2.70034694672, 2.42751121521, 5.01727819443, 4.37273836136, 2.9650220871, 6.01327180862, 14.8574838638, 10.6309738159, 9.16236209869, 16.8942642212, 30.837934494, 44.5425567627, 57.7848434448, 37.8376808167, 36.7745285034, 32.4433288574, 34.1452140808, 30.554725647, 29.919210434, 25.6807308197, 26.5426387787, 25.8207836151, 30.1150169373, 16.5823764801, 13.5786314011, 9.0444984436, 8.11392307281, 6.35972213745, 3.3878839016, 2.88770794868, 1.99014163017, 1.46934831142, 1.2660535574, 0.636356413364, 0.246983110905, 0.0620701387525, 0.0120603144169, 0.00166018994059, 9.63347338256e-05],
        "median": [0.402285158634, 1.16482925415, 0.413238495588, 0.350450873375, 0.487727612257, 0.758599042892, 2.32857322693, 4.87425994873, 3.05731916428, 2.81740140915, 4.28697967529, 9.51581096649, 8.91150093079, 8.32009220123, 7.71352529526, 10.0533618927, 6.99492025375, 6.35952568054, 5.9827837944, 6.34024953842, 7.17310428619, 7.84001159668, 7.49218702316, 9.08539390564, 6.47810459137, 5.25874090195, 3.6367225647, 2.98261404037, 2.28715825081, 1.20156443119, 1.14655828476, 0.843986093998, 0.616028189659, 0.484706819057, 0.23215995729, 0.0673934742808, 0.0138916680589, 0.00251991534606, 0.000233837767155, 5.69790972804e-05],
        "min": [3.95244493956e-23, 4.04417153992e-22, 2.25554886456e-21, 2.87434054726e-21, 5.99033213618e-21, 1.33462497986e-20, 2.64684612826e-20, 2.63545575429e-20, 7.29835219258e-20, 1.41506950612e-19, 2.19266581083e-19, 2.98121140191e-19, 3.94346957452e-19, 6.46840091272e-19, 8.37471049566e-19, 1.04902952226e-18, 1.05542042307e-18, 1.97447929498e-18, 1.29620949406e-18, 3.33409104562e-18, 3.53454068949e-18, 4.31998838578e-18, 5.03889891436e-18, 5.24466877713e-18, 6.68457432945e-18, 7.03527450734e-18, 8.44255192039e-18, 8.37746107799e-18, 1.15322270182e-17, 1.04693007583e-17, 1.05810247349e-17, 1.0327909949e-17, 8.66559869103e-18, 7.83689441178e-18, 5.90760358007e-18, 4.0315707721e-18, 2.342419778e-18, 9.22792248209e-19, 2.40363176371e-19, 2.36592638339e-20],
        "stdev": [1.69964015484, 4.1746635437, 7.44300603867, 18.4941806793, 16.6665992737, 7.14855146408, 10.2769870758, 28.2649497986, 26.3083515167, 25.2905101776, 42.0271530151, 67.0663070679, 109.472496033, 160.355239868, 79.1157608032, 76.7014465332, 67.9152069092, 77.3172531128, 72.9556884766, 71.131401062, 44.649520874, 50.2880630493, 43.6188926697, 58.5490112305, 26.6987266541, 21.2622299194, 15.0211029053, 15.3754367828, 11.3178911209, 6.65297031403, 4.97541379929, 3.46286225319, 2.55646181107, 1.80858314037, 0.90919470787, 0.429622203112, 0.113620311022, 0.022294908762, 0.00397212337703, 0.000137505456223],
        "var": [2.88877654076, 17.4278144836, 55.3983421326, 342.034729004, 277.775543213, 51.1017875671, 105.616462708, 798.907409668, 692.129333496, 639.609924316, 1766.28149414, 4497.88916016, 11984.2275391, 25713.8007812, 6259.30419922, 5883.11132812, 4612.47509766, 5977.95800781, 5322.53222656, 5059.67675781, 1993.57983398, 2528.8894043, 1902.60791016, 3427.98657227, 712.821960449, 452.082397461, 225.633544922, 236.404052734, 128.094665527, 44.2620162964, 24.7547416687, 11.9914150238, 6.53549718857, 3.27097296715, 0.826635062695, 0.184575244784, 0.0129095753655, 0.000497062981594, 1.57777631102e-05, 1.89077518087e-08]
    },
    "gfcc": {
        "mean": [-52.6015510559, 70.209022522, -112.040206909, 26.8542900085, -47.7571334839, 20.8843002319, -23.3183555603, 22.2698287964, -17.4022216797, 11.2407388687, -3.36309599876, 10.2895441055, 0.952649831772],
        "cov": [[54037.0351562, 265.20880127, -3376.49829102, 1753.6072998, -937.989501953, 1201.44433594, -466.972717285, 1380.12756348, -410.668395996, 794.354370117, -396.34362793, 516.808410645, -254.024276733], [265.20880127, 1677.87207031, 45.9857444763, 55.8502693176, 43.631778717, -34.7491722107, 7.74511384964, -147.946243286, 13.4641656876, -211.350143433, 34.4585952759, -143.69934082, 45.9976844788], [-3376.49829102, 45.9857444763, 1563.63146973, 423.701873779, 327.468322754, 82.3602828979, 143.70703125, 6.80354690552, 118.751243591, -77.8886489868, -55.6054878235, -92.5466156006, -97.9236907959], [1753.6072998, 55.8502693176, 423.701873779, 809.57598877, 213.052581787, 77.7328872681, -22.6792068481, 118.306655884, 159.565170288, -1.10239624977, -42.6477622986, 17.6452102661, -29.4308547974], [-937.989501953, 43.631778717, 327.468322754, 213.052581787, 432.290527344, 86.4557571411, 118.21005249, 63.5344581604, 110.58493042, 16.2490501404, -4.76986169815, -21.213558197, 34.0520706177], [1201.44433594, -34.7491722107, 82.3602828979, 77.7328872681, 86.4557571411, 333.878143311, 168.176345825, 78.4020004272, 44.3259315491, 53.1731910706, 2.31341910362, 7.93665266037, -28.5405044556], [-466.972717285, 7.74511384964, 143.70703125, -22.6792068481, 118.21005249, 168.176345825, 320.59967041, 94.5102996826, 42.9294319153, 30.5414829254, 51.0827407837, 1.74297404289, -0.452916145325], [1380.12756348, -147.946243286, 6.80354690552, 118.306655884, 63.5344581604, 78.4020004272, 94.5102996826, 287.67565918, 75.8500823975, 83.4170150757, 29.5736274719, 50.3766021729, 45.1757659912], [-410.668395996, 13.4641656876, 118.751243591, 159.565170288, 110.58493042, 44.3259315491, 42.9294319153, 75.8500823975, 221.482330322, 38.6819458008, 22.6888046265, 27.6416378021, 17.0826931], [794.354370117, -211.350143433, -77.8886489868, -1.10239624977, 16.2490501404, 53.1731910706, 30.5414829254, 83.4170150757, 38.6819458008, 192.965866089, 67.4803695679, 59.5840454102, 34.7649459839], [-396.34362793, 34.4585952759, -55.6054878235, -42.6477622986, -4.76986169815, 2.31341910362, 51.0827407837, 29.5736274719, 22.6888046265, 67.4803695679, 144.186660767, 53.6145973206, 43.8511238098], [516.808410645, -143.69934082, -92.5466156006, 17.6452102661, -21.213558197, 7.93665266037, 1.74297404289, 50.3766021729, 27.6416378021, 59.5840454102, 53.6145973206, 135.971069336, 44.7783660889], [-254.024276733, 45.9976844788, -97.9236907959, -29.4308547974, 34.0520706177, -28.5405044556, -0.452916145325, 45.1757659912, 17.0826931, 34.7649459839, 43.8511238098, 44.7783660889, 136.328353882]],
        "icov": [[6.18683843641e-05, -0.000119392418128, 0.000146753998706, -0.00018043955788, 8.64517351147e-05, -0.00019846833311, 0.00011806958355, -0.000310388917569, 0.000282460474409, -0.000313992524752, 0.000338464975357, -0.000244378490606, 0.000278202438494], [-0.000119392418128, 0.00113684230018, -0.000197394780116, 0.000128439729451, -9.51053516474e-05, 0.00018928659847, -0.000264463509666, 0.00097037787782, -0.000778470886871, 0.00169926905073, -0.00161848799326, 0.00160973297898, -0.00132307037711], [0.000146753998706, -0.000197394780116, 0.0013000065228, -0.000833315134514, -0.000266055605607, -0.000312066054903, -0.000139882729854, -0.000539109692909, 0.000532261154149, -0.000444081582827, 0.000696634000633, -0.000161842035595, 0.00114887661766], [-0.00018043955788, 0.000128439729451, -0.000833315134514, 0.00259221112356, -0.00094394950429, 0.00019177228387, 0.000742256466765, -3.04737545775e-06, -0.00157700502314, 0.001030693762, -0.00055845908355, -0.000169980456121, 3.1132807635e-05], [8.64517351147e-05, -9.51053516474e-05, -0.000266055605607, -0.00094394950429, 0.00391253549606, -0.000481497321744, -0.00100252591074, -8.76684571267e-05, -0.000589798844885, -0.000769598293118, 0.00103541731369, 0.000761060393415, -0.00156693346798], [-0.00019846833311, 0.00018928659847, -0.000312066054903, 0.00019177228387, -0.000481497321744, 0.00538540678099, -0.00290394201875, 0.0008202061872, -0.000906853703782, -0.000494590552989, 0.000266506656772, 0.000214223313378, 0.000433505512774], [0.00011806958355, -0.000264463509666, -0.000139882729854, 0.000742256466765, -0.00100252591074, -0.00290394201875, 0.00614153547212, -0.00223177298903, 0.000464269949589, 0.000383002829039, -0.00172024592757, -0.000142878954648, 0.00121583638247], [-0.000310388917569, 0.00097037787782, -0.000539109692909, -3.04737545775e-06, -8.76684571267e-05, 0.0008202061872, -0.00223177298903, 0.00692512840033, -0.00223195855506, 0.000376610696549, -0.00118562579155, 0.00104352948256, -0.00318003282882], [0.000282460474409, -0.000778470886871, 0.000532261154149, -0.00157700502314, -0.000589798844885, -0.000906853703782, 0.000464269949589, -0.00223195855506, 0.00749002723023, -0.00214418605901, 0.00113910366781, -0.00205611833371, 0.00144666805863], [-0.000313992524752, 0.00169926905073, -0.000444081582827, 0.001030693762, -0.000769598293118, -0.000494590552989, 0.000383002829039, 0.000376610696549, -0.00214418605901, 0.0106428461149, -0.00573079194874, 0.00109034765046, -0.00224984413944], [0.000338464975357, -0.00161848799326, 0.000696634000633, -0.00055845908355, 0.00103541731369, 0.000266506656772, -0.00172024592757, -0.00118562579155, 0.00113910366781, -0.00573079194874, 0.013491243124, -0.00500259920955, 0.000363170169294], [-0.000244378490606, 0.00160973297898, -0.000161842035595, -0.000169980456121, 0.000761060393415, 0.000214223313378, -0.000142878954648, 0.00104352948256, -0.00205611833371, 0.00109034765046, -0.00500259920955, 0.0129492562264, -0.00430754339322], [0.000278202438494, -0.00132307037711, 0.00114887661766, 3.1132807635e-05, -0.00156693346798, 0.000433505512774, 0.00121583638247, -0.00318003282882, 0.00144666805863, -0.00224984413944, 0.000363170169294, -0.00430754339322, 0.0123624308035]]
    },
    "melbands": {
        "dmean": [0.00551551720127, 0.00153170514386, 0.00118730717804, 0.000320079940138, 0.000108731030195, 0.000180416114745, 0.000110056382255, 6.80878802086e-05, 0.000102086778497, 0.000120037373563, 0.00012931166566, 0.000117159477668, 9.26403081394e-05, 6.2179620727e-05, 5.16510735906e-05, 4.95456806675e-05, 4.15310387325e-05, 3.04202130792e-05, 2.76107657555e-05, 2.79107316601e-05, 1.89497659449e-05, 2.12842387555e-05, 1.60356994456e-05, 1.12709622044e-05, 1.62421220011e-05, 7.8702942119e-06, 7.26786765881e-06, 5.34184709977e-06, 3.91699040847e-06, 2.8903191378e-06, 3.13403552354e-06, 2.72278521152e-06, 1.63679169418e-06, 1.14618615044e-06, 1.11970643957e-06, 1.00401848613e-06, 7.64923299812e-07, 6.53506390336e-07, 6.96779181908e-07, 6.37269010895e-07],
        "dmean2": [0.00852249003947, 0.00219451985322, 0.00219316291623, 0.000597281032242, 0.000168354308698, 0.000276389007922, 0.00017109264445, 0.000106975428935, 0.000152382941451, 0.000177512585651, 0.000190580205526, 0.000177259367774, 0.000140852876939, 9.48960951064e-05, 7.68629834056e-05, 7.67213277868e-05, 6.10491479165e-05, 4.42085984105e-05, 4.2852214392e-05, 4.34130633948e-05, 2.76236569334e-05, 3.25232067553e-05, 2.30873738474e-05, 1.65822330018e-05, 2.47242733167e-05, 1.15747170639e-05, 1.13769265226e-05, 8.32171645015e-06, 6.25921575192e-06, 4.26659107688e-06, 4.65582616016e-06, 4.08839241572e-06, 2.50819380199e-06, 1.6882837599e-06, 1.69204520262e-06, 1.54010820097e-06, 1.1393327668e-06, 9.75296075012e-07, 1.03504896742e-06, 9.33831529437e-07],
        "dvar": [8.16173633211e-05, 9.97578081297e-06, 1.51703488882e-05, 1.07392395421e-06, 3.87380652001e-08, 1.32887763016e-07, 1.12274214814e-07, 4.52010908703e-08, 8.07842397421e-08, 8.83762538706e-08, 1.11834140171e-07, 1.13974657268e-07, 4.69321506102e-08, 2.44548026274e-08, 1.76454655332e-08, 1.44349971976e-08, 1.24792638445e-08, 6.29923668782e-09, 4.66100935625e-09, 5.54891155247e-09, 1.33206956576e-09, 2.05629113736e-09, 1.04881037188e-09, 4.5189729736e-10, 1.37446998227e-09, 2.55790943982e-10, 2.53702336916e-10, 1.15532493294e-10, 6.23654392018e-11, 3.72778856395e-11, 6.13765913093e-11, 2.9101651644e-11, 1.41550660082e-11, 7.04703179491e-12, 5.46696455467e-12, 4.13284163836e-12, 2.81735008587e-12, 2.37309586044e-12, 1.80938868489e-12, 1.110310845e-12],
        "dvar2": [0.000185802477063, 2.23113856919e-05, 4.32000997534e-05, 3.11111989504e-06, 8.68495959594e-08, 2.90367268008e-07, 2.63669875267e-07, 1.02350199427e-07, 1.7606980407e-07, 1.82853796105e-07, 2.26747943088e-07, 2.7219596177e-07, 1.06588068149e-07, 5.63612765347e-08, 4.05667712755e-08, 3.22860103097e-08, 2.520891762e-08, 1.24031949156e-08, 1.06129114386e-08, 1.29499921897e-08, 2.76692269097e-09, 4.81636774907e-09, 2.1723585153e-09, 9.98748750369e-10, 3.12587467022e-09, 5.72340397298e-10, 6.56240062291e-10, 2.6338004e-10, 1.44352557685e-10, 8.21678489138e-11, 1.42985706608e-10, 6.10228464981e-11, 3.02144108344e-11, 1.49324545784e-11, 1.15830262049e-11, 9.01338725878e-12, 5.94402261786e-12, 5.24892455889e-12, 4.14229804971e-12, 2.41226374813e-12],
        "max": [0.0662973001599, 0.0311995781958, 0.0289137214422, 0.00869602616876, 0.00646554725245, 0.0124044241384, 0.010009652935, 0.00588502176106, 0.00565549219027, 0.00815893802792, 0.00778123969212, 0.00728812627494, 0.00318604917265, 0.00463434169069, 0.00334552046843, 0.00223422935233, 0.00291081517935, 0.00219433847815, 0.00171393994242, 0.00169169984292, 0.000563040259294, 0.0011471840553, 0.000584188848734, 0.000403895537602, 0.00146956008393, 0.000407241197536, 0.000254738464719, 0.000143312470755, 0.000125308331917, 8.37139596115e-05, 0.000141391152283, 7.28175145923e-05, 7.06874270691e-05, 6.30199647276e-05, 4.79566260765e-05, 5.21433612448e-05, 4.8295743909e-05, 5.46366027265e-05, 3.17503254337e-05, 2.21583086386e-05],
        "mean": [0.00773060042411, 0.00188650260679, 0.000833582773339, 0.000249481119681, 0.000188494101167, 0.000323437445331, 0.00015422393335, 9.97652896331e-05, 0.000151069951244, 0.00020213604148, 0.000212781058508, 0.00021734109032, 0.000147805360029, 9.31793692871e-05, 8.08384284028e-05, 7.26834259694e-05, 6.24314052402e-05, 4.81768911413e-05, 4.08099695051e-05, 3.73839102394e-05, 2.9212267691e-05, 3.01711133943e-05, 2.38535685639e-05, 2.03223717108e-05, 2.58727632172e-05, 1.16378287203e-05, 1.12160496428e-05, 8.7583430286e-06, 6.19401362201e-06, 4.6063805712e-06, 4.51609867014e-06, 4.11181281379e-06, 2.24433779294e-06, 1.64477557973e-06, 1.68252256572e-06, 1.47448838561e-06, 1.13978035188e-06, 9.82712208497e-07, 1.12626321425e-06, 1.05079948298e-06],
        "median": [0.00298751890659, 0.00058716343483, 6.96700226399e-05, 4.49778490292e-05, 7.5043310062e-05, 0.000116796720249, 4.38263705291e-05, 2.60379947576e-05, 3.31890551024e-05, 5.7624612964e-05, 3.19344253512e-05, 2.5214301786e-05, 2.25648873311e-05, 2.15379313886e-05, 1.95455977519e-05, 1.03780994323e-05, 9.15984946914e-06, 7.43088048694e-06, 7.97010397946e-06, 7.18784804121e-06, 7.26931466488e-06, 7.99567351351e-06, 6.23011965217e-06, 6.10096276432e-06, 7.09994446879e-06, 4.45455953013e-06, 3.57893441105e-06, 3.27174757331e-06, 2.35358402279e-06, 1.64154766935e-06, 1.5716902908e-06, 1.36384971938e-06, 7.68425763908e-07, 5.57016221592e-07, 6.4114522047e-07, 5.86033422678e-07, 4.65090948865e-07, 3.98352312914e-07, 4.14799131931e-07, 3.81320376164e-07],
        "min": [5.30759126276e-25, 1.21849319104e-24, 6.0347193648e-25, 8.07107603085e-25, 9.45815431937e-25, 7.62218557958e-25, 1.47844051008e-24, 1.63727153967e-24, 1.81989145872e-24, 1.29912463632e-24, 1.86778103491e-24, 2.44879740477e-24, 2.66807292908e-24, 2.53725296972e-24, 1.36070844339e-24, 2.93884667378e-24, 2.63839913727e-24, 1.83996224952e-24, 2.89715714988e-24, 3.05803980947e-24, 3.72240268663e-24, 2.96615427731e-24, 3.63629220794e-24, 2.87359683287e-24, 3.82289804393e-24, 3.65367791343e-24, 4.63558925381e-24, 3.80849107722e-24, 4.30637748211e-24, 4.60708021512e-24, 4.47288945312e-24, 4.8954337251e-24, 5.40667002309e-24, 5.34384750718e-24, 5.40979548999e-24, 5.23985907379e-24, 5.61173717641e-24, 5.01402712929e-24, 6.06625910848e-24, 6.53486260213e-24],
        "stdev": [0.0113261397928, 0.00358196161687, 0.00303735537454, 0.000794921885245, 0.000310638395604, 0.000569959694985, 0.00037771704956, 0.000297964434139, 0.000375024363166, 0.000447477126727, 0.000546313007362, 0.000613207463175, 0.000330518261762, 0.000208421100979, 0.000181069743121, 0.000167783684446, 0.000162635144079, 0.000129926993395, 9.26956126932e-05, 9.26406210056e-05, 5.32504855073e-05, 6.06564390182e-05, 4.47877209808e-05, 3.33919306286e-05, 5.32118647243e-05, 2.08470246434e-05, 2.06453114515e-05, 1.45759058796e-05, 1.03218426375e-05, 8.14234226709e-06, 9.12306131795e-06, 7.29426074031e-06, 4.67767858936e-06, 3.30990678776e-06, 2.99583120977e-06, 2.56161501966e-06, 2.10280131796e-06, 1.88183082628e-06, 1.75118395873e-06, 1.51737242504e-06],
        "var": [0.000128281448269, 1.28304482132e-05, 9.22552771954e-06, 6.31900832104e-07, 9.64962083572e-08, 3.24854056544e-07, 1.42670174341e-07, 8.87828051077e-08, 1.40643265922e-07, 2.00235788839e-07, 2.98457877079e-07, 3.76023365334e-07, 1.09242321855e-07, 4.34393534476e-08, 3.27862537119e-08, 2.8151365683e-08, 2.64501878178e-08, 1.68810228018e-08, 8.59247695217e-09, 8.58228421663e-09, 2.8356141879e-09, 3.6792033864e-09, 2.00593985866e-09, 1.11502107547e-09, 2.83150236591e-09, 4.34598440568e-10, 4.26228885519e-10, 2.12457024196e-10, 1.06540436196e-10, 6.62977381327e-11, 8.32302560205e-11, 5.3206241496e-11, 2.18806778252e-11, 1.09554830485e-11, 8.97500476715e-12, 6.56187170572e-12, 4.42177327739e-12, 3.54128705526e-12, 3.06664524503e-12, 2.30241910606e-12]
    },
    "melbands128": {
