{
"lowlevel": {
    "average_loudness": 0.803837180138,
    "barkbands_crest": {
        "dmean": 3.05466175079,
        "dmean2": 4.92297649384,
        "dvar": 7.89233064651,
        "dvar2": 19.266872406,
        "max": 26.459821701,
        "mean": 11.9468421936,
        "median": 10.9984130859,
        "min": 1.95071661472,
        "stdev": 5.15894460678,
        "var": 26.6147079468
    },
    "barkbands_flatness_db": {
        "dmean": 0.0266852919012,
        "dmean2": 0.0392856933177,
        "dvar": 0.000776352942921,
        "dvar2": 0.00156742869876,
        "max": 0.545406937599,
        "mean": 0.143999487162,
        "median": 0.13158018887,
        "min": 0.0110663436353,
        "stdev": 0.0730943828821,
        "var": 0.00534278852865
    },
    "barkbands_kurtosis": {
        "dmean": 7.34379959106,
        "dmean2": 11.1632976532,
        "dvar": 604.839782715,
        "dvar2": 1221.79284668,
        "max": 886.486694336,
        "mean": 10.1351633072,
        "median": 1.76520681381,
        "min": -1.9321898222,
        "stdev": 36.7679901123,
        "var": 1351.88500977
    },
    "barkbands_skewness": {
        "dmean": 0.810836076736,
        "dmean2": 1.17978620529,
        "dvar": 1.16798758507,
        "dvar2": 2.34705972672,
        "max": 24.6063594818,
        "mean": 1.81766271591,
        "median": 1.27086889744,
        "min": -5.10322093964,
        "stdev": 2.20510387421,
        "var": 4.8624830246
    },
    "barkbands_spread": {
        "dmean": 6.47594881058,
        "dmean2": 9.82924461365,
        "dvar": 64.1691894531,
        "dvar2": 135.268417358,
        "max": 113.837745667,
        "mean": 22.7622566223,
        "median": 20.2125320435,
        "min": 0.195482090116,
        "stdev": 15.5186042786,
        "var": 240.827087402
    },
    "dissonance": {
        "dmean": 0.0206793081015,
        "dmean2": 0.0344238653779,
        "dvar": 0.000448661390692,
        "dvar2": 0.00120067957323,
        "max": 0.500000238419,
        "mean": 0.461898624897,
        "median": 0.470745742321,
        "min": 0.236875727773,
        "stdev": 0.0320261530578,
        "var": 0.0010256745154
    },
    "dynamic_complexity": 4.06279230118,
    "erbbands_crest": {
        "dmean": 3.06019258499,
        "dmean2": 4.84877586365,
        "dvar": 9.28099632263,
        "dvar2": 21.469165802,
        "max": 31.3486347198,
        "mean": 10.3251399994,
        "median": 9.19134044647,
        "min": 2.39952039719,
        "stdev": 5.21860980988,
        "var": 27.2338905334
    },
    "erbbands_flatness_db": {
        "dmean": 0.0203479658812,
        "dmean2": 0.0282999332994,
        "dvar": 0.00042138597928,
        "dvar2": 0.000778932648245,
        "max": 0.428780555725,
        "mean": 0.155476480722,
        "median": 0.145327240229,
        "min": 0.0446301102638,
        "stdev": 0.0601499900222,
        "var": 0.00361802149564
    },
    "erbbands_kurtosis": {
        "dmean": 1.20642387867,
        "dmean2": 1.88876199722,
        "dvar": 3.22511720657,
        "dvar2": 7.71813488007,
        "max": 40.2830314636,
        "mean": 1.02801156044,
        "median": 0.320471525192,
        "min": -1.84643948078,
        "stdev": 2.47372078896,
        "var": 6.1192946434
    },
    "erbbands_skewness": {
        "dmean": 0.432226091623,
        "dmean2": 0.64347922802,
        "dvar": 0.209778279066,
        "dvar2": 0.440951496363,
        "max": 5.91042995453,
        "mean": 0.341041773558,
        "median": 0.335972934961,
        "min": -4.06615114212,
        "stdev": 0.905884027481,
        "var": 0.820625841618
    },
    "erbbands_spread": {
        "dmean": 9.02686691284,
        "dmean2": 13.4097547531,
        "dvar": 121.255882263,
        "dvar2": 266.120910645,
        "max": 192.024490356,
        "mean": 34.9013290405,
        "median": 31.2246990204,
        "min": 2.93864488602,
        "stdev": 20.1227207184,
        "var": 404.92388916
    },
    "hfc": {
        "dmean": 7.02385568619,
        "dmean2": 9.99946784973,
        "dvar": 182.173995972,
        "dvar2": 420.428436279,
        "max": 191.095840454,
        "mean": 20.9585208893,
        "median": 14.6384077072,
        "min": 1.04122497806e-16,
        "stdev": 21.6589813232,
        "var": 469.111450195
    },
    "loudness_ebu128": {
        "integrated": -9.32539653778,
        "loudness_range": 5.63691091537,
        "momentary": {
            "dmean": 1.01621234417,
            "dmean2": 1.41815149784,
            "dvar": 41.2623405457,
            "dvar2": 73.1364440918,
            "max": -5.32668972015,
            "mean": -14.4781112671,
            "median": -9.87224578857,
            "min": -300.691009521,
            "stdev": 31.540430069,
            "var": 994.79876709
        },
        "short_term": {
            "dmean": 0.127014130354,
            "dmean2": 0.126307725906,
            "dvar": 0.0674213320017,
            "dvar2": 0.0279553923756,
            "max": -6.13497257233,
            "mean": -10.7827911377,
            "median": -10.1593666077,
            "min": -89.4488220215,
            "stdev": 6.93398189545,
            "var": 48.0801048279
        }
    },
    "melbands_crest": {
        "dmean": 4.35666513443,
        "dmean2": 6.97626924515,
        "dvar": 15.4985198975,
        "dvar2": 38.3694190979,
        "max": 38.0731735229,
        "mean": 18.250743866,
        "median": 17.2321815491,
        "min": 1.56269729137,
        "stdev": 7.913585186,
        "var": 62.6248283386
    },
    "melbands_flatness_db": {
        "dmean": 0.0319947823882,
        "dmean2": 0.0463128983974,
        "dvar": 0.00110606395174,
        "dvar2": 0.00214656861499,
        "max": 0.668407320976,
        "mean": 0.213315859437,
        "median": 0.204270854592,
        "min": 0.00259140087292,
        "stdev": 0.0894058346748,
        "var": 0.00799340289086
    },
    "melbands_kurtosis": {
        "dmean": 16.7494544983,
        "dmean2": 24.9794425964,
        "dvar": 2578.80566406,
        "dvar2": 5250.81103516,
        "max": 2269.73364258,
        "mean": 25.6623744965,
        "median": 5.86597061157,
        "min": -1.86419999599,
        "stdev": 75.3600082397,
        "var": 5679.13037109
    },
    "melbands_skewness": {
        "dmean": 1.10042273998,
        "dmean2": 1.60398125648,
        "dvar": 2.1091029644,
        "dvar2": 4.18432712555,
        "max": 31.2971439362,
        "mean": 2.98241138458,
        "median": 2.11800527573,
        "min": -3.14139080048,
        "stdev": 2.98130702972,
        "var": 8.88819217682
    },
    "melbands_spread": {
        "dmean": 8.17191314697,
        "dmean2": 12.320397377,
        "dvar": 144.595184326,
        "dvar2": 301.863891602,
        "max": 287.151702881,
        "mean": 26.1196784973,
        "median": 20.5694561005,
        "min": 0.116991534829,
        "stdev": 24.2894039154,
        "var": 589.975158691
    },
    "pitch_salience": {
        "dmean": 0.0874254032969,
        "dmean2": 0.140305548906,
        "dvar": 0.00715351011604,
        "dvar2": 0.0169764328748,
        "max": 0.875371813774,
        "mean": 0.490177333355,
        "median": 0.494250237942,
        "min": 0.0157411620021,
        "stdev": 0.161838918924,
        "var": 0.026191836223
    },
    "silence_rate_20dB": {
        "dmean": 0,
        "dmean2": 0,
        "dvar": 0,
        "dvar2": 0,
        "max": 1,
        "mean": 1,
        "median": 1,
        "min": 1,
        "stdev": 0,
        "var": 0
    },
    "silence_rate_30dB": {
        "dmean": 0.0357431322336,
        "dmean2": 0.0714934840798,
        "dvar": 0.0344670154154,
        "dvar2": 0.0821327492595,
        "max": 1,
        "mean": 0.96345281601,
        "median": 1,
        "min": 0,
        "stdev": 0.187655940652,
        "var": 0.0352147519588
    },
    "silence_rate_60dB": {
        "dmean": 0.032915994525,
        "dmean2": 0.0658386349678,
        "dvar": 0.0318382680416,
        "dvar2": 0.068773381412,
        "max": 1,
        "mean": 0.11751640588,
        "median": 0,
        "min": 0,
        "stdev": 0.322026222944,
        "var": 0.103700883687
    },
    "spectral_centroid": {
        "dmean": 302.655029297,
        "dmean2": 452.513336182,
        "dvar": 142633.828125,
        "dvar2": 275692,
        "max": 11851.0634766,
        "mean": 1677.36743164,
        "median": 1454.06994629,
        "min": 141.98475647,
        "stdev": 1339.44592285,
        "var": 1794115.25
    },
    "spectral_complexity": {
        "dmean": 3.84874796867,
        "dmean2": 5.47228097916,
        "dvar": 27.4240245819,
        "dvar2": 48.8244934082,
        "max": 62,
        "mean": 16.2281684875,
        "median": 14,
        "min": 0,
        "stdev": 11.8753910065,
        "var": 141.024917603
    },
    "spectral_decrease": {
        "dmean": 3.61386209846e-09,
        "dmean2": 5.76252157103e-09,
        "dvar": 3.01001396526e-17,
        "dvar2": 6.98284829642e-17,
        "max": 1.49262736437e-28,
        "mean": -8.96900509417e-09,
        "median": -6.22455287314e-09,
        "min": -5.36961373143e-08,
        "stdev": 8.80181350027e-09,
        "var": 7.74719229918e-17
    },
    "spectral_energy": {
        "dmean": 0.0141069628298,
        "dmean2": 0.0224226061255,
        "dvar": 0.000451040192274,
        "dvar2": 0.00105097063351,
        "max": 0.204984560609,
        "mean": 0.0357520803809,
        "median": 0.0255615320057,
        "min": 9.72531594256e-21,
        "stdev": 0.0341690033674,
        "var": 0.0011675208807
    },
    "spectral_energyband_high": {
        "dmean": 0.000416811817558,
        "dmean2": 0.000601004401688,
        "dvar": 1.0096165397e-06,
        "dvar2": 2.38100346905e-06,
        "max": 0.0143298646435,
        "mean": 0.000879897095729,
        "median": 0.000366918422515,
        "min": 6.90956486466e-21,
        "stdev": 0.00138952257112,
        "var": 1.93077289623e-06
    },
    "spectral_energyband_low": {
        "dmean": 0.0101200798526,
        "dmean2": 0.0156886912882,
        "dvar": 0.000327559158904,
        "dvar2": 0.000723034958355,
        "max": 0.187460467219,
        "mean": 0.0205067135394,
        "median": 0.00846631731838,
        "min": 1.5556251854e-23,
        "stdev": 0.0287169292569,
        "var": 0.00082466204185
    },
    "spectral_energyband_middle_high": {
        "dmean": 0.00202990230173,
        "dmean2": 0.00288239284419,
        "dvar": 9.65646358964e-06,
        "dvar2": 2.03345116461e-05,
        "max": 0.0644527822733,
        "mean": 0.00633136555552,
        "median": 0.00328341824934,
        "min": 1.16002892259e-21,
        "stdev": 0.00768615771085,
        "var": 5.90770177951e-05
    },
    "spectral_energyband_middle_low": {
        "dmean": 0.00592260807753,
        "dmean2": 0.0100132431835,
        "dvar": 0.000152771171997,
        "dvar2": 0.00042459386168,
        "max": 0.126305431128,
        "mean": 0.00872404966503,
        "median": 0.0049619753845,
        "min": 1.56974560627e-22,
        "stdev": 0.0120780710131,
        "var": 0.000145879806951
    },
    "spectral_entropy": {
        "dmean": 0.166768461466,
        "dmean2": 0.243884310126,
        "dvar": 0.0355615019798,
        "dvar2": 0.0734331533313,
        "max": 9.82736873627,
        "mean": 7.63840246201,
        "median": 7.6411652565,
        "min": 5.66337585449,
        "stdev": 0.507247805595,
        "var": 0.25730034709
    },
    "spectral_flux": {
        "dmean": 0.0344476960599,
        "dmean2": 0.056559048593,
        "dvar": 0.0018287114799,
        "dvar2": 0.00432508531958,
        "max": 0.385629594326,
        "mean": 0.0952821522951,
        "median": 0.0820723325014,
        "min": 6.30628535503e-11,
        "stdev": 0.0638594925404,
        "var": 0.00407803477719
    },
    "spectral_kurtosis": {
        "dmean": 1.29005765915,
        "dmean2": 2.1125524044,
        "dvar": 3.47516107559,
        "dvar2": 9.56848621368,
        "max": 44.8831825256,
        "mean": 4.79696321487,
        "median": 4.15863180161,
        "min": -1.26067841053,
        "stdev": 3.45830106735,
        "var": 11.9598455429
    },
    "spectral_rms": {
        "dmean": 0.00106989860069,
        "dmean2": 0.00163890921976,
        "dvar": 1.87583918887e-06,
        "dvar2": 4.15656177211e-06,
        "max": 0.014141603373,
        "mean": 0.00516412546858,
        "median": 0.00499380426481,
        "min": 3.08027800315e-12,
        "stdev": 0.00286562344991,
        "var": 8.21179764898e-06
    },
    "spectral_rolloff": {
        "dmean": 499.895599365,
        "dmean2": 814.044433594,
        "dvar": 872340.6875,
        "dvar2": 1826694.625,
        "max": 19616.7480469,
        "mean": 1659.73034668,
        "median": 1033.59375,
        "min": 21.533203125,
        "stdev": 2511.66162109,
        "var": 6308444
    },
    "spectral_skewness": {
        "dmean": 0.19722238183,
        "dmean2": 0.308718532324,
        "dvar": 0.0475694611669,
        "dvar2": 0.110506214201,
        "max": 5.37973308563,
        "mean": 1.58027410507,
        "median": 1.56565034389,
        "min": -0.180495068431,
        "stdev": 0.51986759901,
        "var": 0.27026233077
    },
    "spectral_spread": {
        "dmean": 531985.8125,
        "dmean2": 760449.875,
        "dvar": 626693701632,
        "dvar2": 1.10811322778e+12,
        "max": 42585964,
        "mean": 5267585.5,
        "median": 4592156.5,
        "min": 1048373.4375,
        "stdev": 4483181,
        "var": 2.009891183e+13
    },
    "spectral_strongpeak": {
        "dmean": 0.465165883303,
        "dmean2": 0.783044397831,
        "dvar": 0.716556429863,
        "dvar2": 1.69428670406,
        "max": 9.8676109314,
        "mean": 0.806684315205,
        "median": 0.353707820177,
        "min": 0,
        "stdev": 1.16771483421,
        "var": 1.36355781555
    },
    "zerocrossingrate": {
        "dmean": 0.0115242563188,
        "dmean2": 0.0128404702991,
        "dvar": 0.000215744614252,
        "dvar2": 0.000232358128414,
        "max": 0.52490234375,
        "mean": 0.0641751438379,
        "median": 0.05126953125,
        "min": 0.001953125,
        "stdev": 0.0648993253708,
        "var": 0.00421192217618
    },
    "barkbands": {
        "dmean": [0.00145355425775, 0.00773627636954, 0.0029396910686, 0.00150690414011, 0.0026938742958, 0.000671194924507, 0.000569559575524, 0.000819356180727, 0.000948671658989, 0.000847104995046, 0.000419223535573, 0.000311426847475, 0.000357350771083, 0.000364261708455, 0.000374555587769, 0.00026541511761, 0.000246334064286, 0.000227707321756, 0.000170330458786, 0.000155390313012, 0.000107568746898, 7.65691875131e-05, 5.78909930482e-05, 5.33788406756e-05, 5.01811591676e-05, 4.2234580178e-05, 2.13483363041e-05],
        "dmean2": [0.00227100239135, 0.011585149914, 0.0052135088481, 0.00258537661284, 0.00485830334947, 0.00110290199518, 0.000957502401434, 0.0013356792042, 0.00144834886305, 0.00126263662241, 0.000623407424428, 0.000499106012285, 0.000579691200983, 0.000569056079257, 0.00056113768369, 0.000407512270613, 0.00037453341065, 0.000356237549568, 0.000261534936726, 0.000236152627622, 0.000165146702784, 0.000120961667562, 8.66241825861e-05, 7.70186234149e-05, 7.31142572477e-05, 6.32391529507e-05, 3.1970674172e-05],
        "dvar": [1.04834389276e-05, 0.000209858873859, 5.7635417761e-05, 1.59516712301e-05, 5.58711944905e-05, 1.73329362951e-06, 1.78166067144e-06, 2.93000152851e-06, 5.98933138463e-06, 3.2362067941e-06, 1.2049409861e-06, 5.59596173844e-07, 6.07105221206e-07, 6.65627965191e-07, 6.28866416719e-07, 3.71148701106e-07, 2.80685696907e-07, 2.24099395041e-07, 1.28814221512e-07, 9.29487171675e-08, 5.24530676671e-08, 4.80423807403e-08, 2.14737241322e-08, 1.90878157724e-08, 1.48573846559e-08, 2.49029845634e-08, 5.25858956379e-09],
        "dvar2": [2.48231390287e-05, 0.000436643575085, 0.000168290032889, 4.16499533458e-05, 0.000160880430485, 4.49011258752e-06, 4.77042294733e-06, 7.29641396902e-06, 1.21205193864e-05, 7.0540490924e-06, 2.47412663157e-06, 1.35258756018e-06, 1.5266994069e-06, 1.47919183746e-06, 1.39292035328e-06, 8.96508140613e-07, 6.34432240076e-07, 5.48239142972e-07, 2.99882714216e-07, 2.06227454669e-07, 1.21621638982e-07, 1.23425692777e-07, 4.82116604417e-08, 3.74348161358e-08, 3.04770324533e-08, 6.21900184683e-08, 1.16132410355e-08],
        "max": [0.0869163870811, 0.160617694259, 0.101890802383, 0.0477670803666, 0.0777794197202, 0.0190707016736, 0.044273480773, 0.0284992884845, 0.0596154741943, 0.0544813647866, 0.0356886945665, 0.0240010973066, 0.0135060911998, 0.0265199895948, 0.0177260227501, 0.0102095762268, 0.0114745721221, 0.00885818339884, 0.010152622126, 0.00819285586476, 0.0047581535764, 0.00483732391149, 0.00390926981345, 0.00356961833313, 0.00276463362388, 0.00213971501216, 0.000966295949183],
        "mean": [0.00264781783335, 0.0144800003618, 0.00299565447494, 0.00139632285573, 0.00244995253161, 0.000861033215187, 0.000723817618564, 0.00118302297778, 0.00146153126843, 0.00206361757591, 0.000734923465643, 0.000479315698612, 0.000501501315739, 0.000563561217859, 0.00066030427115, 0.000421260221628, 0.00042424199637, 0.00040181496297, 0.000298196508083, 0.000288522103801, 0.000204680778552, 0.000120140553918, 0.000108367457869, 0.00010269258928, 9.89355830825e-05, 5.66392700421e-05, 2.42057121795e-05],
        "median": [0.000553947640583, 0.00513523165137, 0.000360471894965, 0.000196172361029, 0.000616297300439, 0.000298169761663, 0.000224262999836, 0.000308188260533, 0.000336811732268, 0.000343550316757, 0.000116266695841, 0.000119983851619, 0.000132049070089, 0.000109446882561, 0.000167627644259, 0.000118579708214, 0.000127413964947, 0.000119887365145, 0.000107059080619, 0.000103835889604, 8.16504980321e-05, 3.76685165975e-05, 2.87501970888e-05, 2.67740651907e-05, 2.53537727986e-05, 9.24341020436e-06, 2.21794880417e-06],
        "min": [4.48930584577e-25, 2.25973939466e-24, 1.00419823867e-24, 2.71900040861e-25, 7.12105685776e-24, 7.46105748563e-24, 5.9213248498e-24, 1.93357499263e-24, 8.7588693588e-24, 9.51222363467e-24, 9.80436012712e-24, 1.3190737256e-23, 4.22478086551e-23, 3.50455874766e-23, 4.39555378982e-23, 6.43316825514e-23, 5.91838413412e-23, 8.52279263549e-23, 1.08273203969e-22, 1.32323263185e-22, 2.14312732508e-22, 3.15881944069e-22, 4.09596044767e-22, 5.15612816246e-22, 7.97945250701e-22, 1.22947685405e-21, 1.8740322038e-21],
        "stdev": [0.00542014464736, 0.0223849341273, 0.00709756789729, 0.00368490535766, 0.006200640928, 0.00150272098836, 0.00147978262976, 0.00221738195978, 0.00359948561527, 0.00442469026893, 0.00216993433423, 0.00101441086736, 0.00097856996581, 0.0011806669645, 0.00128968257923, 0.00083886180073, 0.000774837099016, 0.000710364722181, 0.000505034462549, 0.000493619241752, 0.000341714447131, 0.000251377263339, 0.000207017932553, 0.000209102814551, 0.000191294384422, 0.000171072912053, 8.14669911051e-05],
        "var": [2.93779703497e-05, 0.000501085305586, 5.03754672536e-05, 1.35785276143e-05, 3.84479462809e-05, 2.25817052524e-06, 2.18975674215e-06, 4.91678292747e-06, 1.29562968141e-05, 1.95778848138e-05, 4.70861550639e-06, 1.02902936305e-06, 9.57599127105e-07, 1.39397457133e-06, 1.66328118212e-06, 7.03689124748e-07, 6.0037257299e-07, 5.04618014929e-07, 2.55059831034e-07, 2.43659940224e-07, 1.167687671e-07, 6.31905336945e-08, 4.28564241872e-08, 4.37239862094e-08, 3.65935406421e-08, 2.92659390055e-08, 6.63687060865e-09]
    },
    "erbbands": {
        "dmean": [0.375360280275, 1.44032275677, 3.24447655678, 3.7953209877, 8.94927024841, 8.54346847534, 4.55287694931, 5.84868860245, 6.82781648636, 13.6693458557, 17.1364784241, 23.7086524963, 21.6863040924, 24.3750667572, 16.4728984833, 13.5806446075, 15.3419122696, 16.1008644104, 21.5278625488, 15.5448150635, 13.7346258163, 11.6417331696, 11.0707960129, 11.5544013977, 6.50131750107, 7.61250829697, 5.55898284912, 3.42349362373, 2.94938254356, 2.05354046822, 1.58959448338, 1.22226250172, 0.895828485489, 0.636179745197, 0.330446153879, 0.185552611947, 0.0784448236227, 0.0222323704511, 0.00414535356686, 0.000146352409502],
        "dmean2": [0.570527851582, 2.24814867973, 5.70296669006, 6.36427688599, 16.3600311279, 15.0606269836, 7.30198717117, 9.77292442322, 11.2901058197, 22.6188030243, 27.4751834869, 35.4129676819, 32.0008430481, 35.8023643494, 24.582983017, 21.5978679657, 24.6096553802, 24.843875885, 32.3456077576, 23.6559925079, 19.9292240143, 17.3057022095, 17.0215015411, 17.6484870911, 9.95091629028, 11.6388692856, 8.3848400116, 5.20986700058, 4.72166919708, 3.17124128342, 2.36086630821, 1.79369807243, 1.28268682957, 0.923162579536, 0.492368787527, 0.284060418606, 0.119794562459, 0.0329162068665, 0.0061484365724, 0.000207775665331],
        "dvar": [0.570658862591, 7.77860879898, 60.0902557373, 104.465042114, 667.301208496, 540.237854004, 73.7145233154, 156.572952271, 266.942108154, 944.497192383, 1144.15112305, 4641.29785156, 2088.62719727, 3562.86181641, 1819.74597168, 1066.41772461, 1251.20336914, 1185.8770752, 2317.98950195, 1120.58679199, 962.109985352, 573.863769531, 540.874328613, 577.229370117, 176.796478271, 228.810073853, 152.74798584, 49.7441139221, 76.4036560059, 34.2399520874, 15.7371549606, 8.84026622772, 5.90107774734, 2.6301074028, 0.633108317852, 0.432764202356, 0.0923889949918, 0.00632316060364, 0.000188349149539, 1.94728016822e-07],
        "dvar2": [1.27662992477, 19.1494579315, 177.271682739, 272.845581055, 1916.12011719, 1529.07165527, 172.557876587, 412.964355469, 711.933837891, 2409.80029297, 2805.16577148, 9173.95605469, 4475.34375, 7735.17285156, 3970.24951172, 2559.73144531, 3143.83569336, 2706.96728516, 5168.44970703, 2658.03540039, 2087.66943359, 1266.69018555, 1238.95629883, 1305.6394043, 415.91619873, 513.361328125, 341.829711914, 117.093307495, 202.401702881, 85.9315872192, 33.9198570251, 18.3319549561, 11.8873081207, 5.42403554916, 1.32802712917, 1.06942021847, 0.23640191555, 0.0150726893917, 0.000403455458581, 3.86588624224e-07],
        "max": [8.35480690002, 30.4569225311, 86.9264144897, 166.88168335, 281.162536621, 263.526000977, 199.152618408, 197.089828491, 428.627960205, 651.082763672, 463.769622803, 1847.48583984, 991.529785156, 2105.74560547, 1173.62866211, 1186.61572266, 695.337158203, 1520.45983887, 1212.46508789, 647.209655762, 575.900634766, 405.757385254, 452.873077393, 645.474914551, 306.819732666, 338.215148926, 304.524017334, 109.384872437, 222.568099976, 91.7444763184, 127.400558472, 63.907749176, 70.5123062134, 45.1532707214, 13.4598703384, 9.43725204468, 4.09002637863, 1.09993028641, 0.180382505059, 0.00694596907124],
        "mean": [0.658805847168, 2.29167175293, 3.64104342461, 4.12855577469, 7.04068279266, 8.33856296539, 6.7142124176, 6.94588041306, 9.24352169037, 18.0329971313, 26.4838314056, 37.1076545715, 45.5521278381, 59.195854187, 30.4019775391, 23.1837291718, 23.1192035675, 27.7780170441, 37.4170875549, 27.3823833466, 23.7774429321, 21.102678299, 21.3324565887, 21.2018165588, 12.5527467728, 14.1652355194, 10.593252182, 6.53950166702, 4.60333299637, 3.40602397919, 3.0469853878, 2.30261182785, 1.66811275482, 1.23105251789, 0.618488371372, 0.267531722784, 0.100427791476, 0.0263612810522, 0.00477210292593, 0.000198662179173],
        "median": [0.198780193925, 0.696635961533, 0.644333541393, 0.73294711113, 1.15942239761, 1.93186903, 2.52104449272, 2.21555089951, 3.08619570732, 5.04075574875, 9.24784660339, 10.7698431015, 10.8649988174, 11.0362358093, 7.8436498642, 6.78837966919, 6.90786981583, 7.46589517593, 9.25899887085, 8.65758800507, 7.00043869019, 6.80206727982, 6.99785518646, 6.58673191071, 5.15437650681, 5.11890268326, 3.63668179512, 2.80373668671, 1.51294898987, 0.97357749939, 0.802041769028, 0.585922420025, 0.441554218531, 0.312494337559, 0.156182721257, 0.0506385192275, 0.0149033740163, 0.00357523025014, 0.000429664127296, 5.39191969438e-05],
        "min": [3.58995609609e-23, 6.57407193946e-22, 1.76778574127e-21, 6.71745216739e-21, 1.51751017043e-20, 1.18574272858e-20, 5.412837284e-20, 7.16184929693e-20, 1.56403710887e-19, 1.88381195049e-19, 1.04994674924e-19, 2.51440701587e-19, 5.77890244517e-19, 3.91111595582e-19, 7.56999817649e-19, 1.02690740396e-18, 1.92599699851e-18, 2.42690717859e-18, 1.87649106603e-18, 3.42852694744e-18, 4.28195172608e-18, 4.80702323146e-18, 4.53846911943e-18, 6.50022554941e-18, 6.13302849497e-18, 6.74582333149e-18, 7.42241571353e-18, 9.61398111565e-18, 1.05150926498e-17, 1.05690000103e-17, 1.24785646524e-17, 1.01140324755e-17, 9.73180389492e-18, 7.54873529205e-18, 5.33177379076e-18, 4.00203380679e-18, 2.24415713188e-18, 9.280832056e-19, 2.35791245728e-19, 2.7671159275e-20],
        "stdev": [1.06414496899, 3.86036729813, 7.7807841301, 9.90948009491, 20.8175449371, 20.3473930359, 11.5536108017, 13.3199195862, 18.592880249, 38.7746772766, 43.2209854126, 97.6494445801, 86.5258560181, 145.019760132, 77.7652282715, 46.5025291443, 44.9262390137, 53.7905158997, 77.1164779663, 48.3972930908, 46.1343765259, 36.1760215759, 37.2604408264, 36.6454849243, 19.4617404938, 24.0425605774, 19.621295929, 10.0606679916, 9.72017383575, 6.9434094429, 5.8526763916, 4.50956869125, 3.54632258415, 2.48538565636, 1.21448278427, 0.741295814514, 0.318045526743, 0.0856438353658, 0.0157974660397, 0.000533574842848],
        "var": [1.13240456581, 14.9024353027, 60.5406036377, 98.1977920532, 433.370178223, 414.016418457, 133.485916138, 177.420257568, 345.69519043, 1503.47546387, 1868.0534668, 9535.4140625, 7486.72363281, 21030.7324219, 6047.43066406, 2162.48510742, 2018.36706543, 2893.41967773, 5946.95068359, 2342.2980957, 2128.38061523, 1308.70446777, 1388.34033203, 1342.89147949, 378.759307861, 578.044677734, 384.995269775, 101.217048645, 94.4817733765, 48.2109336853, 34.253818512, 20.3362083435, 12.5764036179, 6.17714214325, 1.47496831417, 0.549519479275, 0.101152949035, 0.00733486609533, 0.000249559961958, 2.84702110775e-07]
    },
    "gfcc": {
        "mean": [-34.9180107117, 70.5299072266, -113.023612976, 22.6366195679, -46.7531318665, 15.1273517609, -24.4633102417, 18.3451595306, -17.3349208832, 7.41602802277, -12.7333612442, 1.07666575909, -3.63266181946],
        "cov": [[37308.4101562, 1299.90002441, -762.665710449, 1391.29882812, -416.110351562, 709.495483398, -367.793823242, 221.503097534, -440.961669922, -13.9903831482, -453.659576416, 68.0222702026, -356.649108887], [1299.90002441, 1276.43762207, 215.94883728, 115.213874817, 245.737701416, 62.0014457703, 201.52494812, 26.6339836121, 72.0389175415, -21.2963066101, -33.1716308594, -128.987319946, -52.809551239], [-762.665710449, 215.94883728, 1660.23974609, 635.565368652, 380.000823975, 211.388549805, 136.019622803, -99.0732421875, 90.426864624, -36.5693359375, -69.6249237061, 0.0707074850798, -151.446731567], [1391.29882812, 115.213874817, 635.565368652, 841.409545898, 278.344573975, 111.79788208, 115.784011841, 61.2068977356, 65.5655288696, 55.8889732361, 52.0110702515, 65.34034729, 0.135391622782], [-416.110351562, 245.737701416, 380.000823975, 278.344573975, 453.565673828, 150.459564209, 206.644042969, 19.131603241, 78.8864898682, -3.77038049698, 9.36815166473, -3.42928767204, -17.7984600067], [709.495483398, 62.0014457703, 211.388549805, 111.79788208, 150.459564209, 386.270812988, 164.830978394, 36.912399292, 22.1475887299, 6.15762519836, -9.43405532837, -0.746080338955, -31.9772853851], [-367.793823242, 201.52494812, 136.019622803, 115.784011841, 206.644042969, 164.830978394, 322.434051514, 41.3942489624, 43.2776107788, 41.5167770386, 42.0449676514, -6.95680332184, 2.01177740097], [221.503097534, 26.6339836121, -99.0732421875, 61.2068977356, 19.131603241, 36.912399292, 41.3942489624, 196.826675415, 64.3590621948, 33.6771202087, 43.7351951599, -1.1301240921, 39.9971694946], [-440.961669922, 72.0389175415, 90.426864624, 65.5655288696, 78.8864898682, 22.1475887299, 43.2776107788, 64.3590621948, 146.271850586, 28.9386825562, 9.31230354309, -0.361236274242, 2.64906263351], [-13.9903831482, -21.2963066101, -36.5693359375, 55.8889732361, -3.77038049698, 6.15762519836, 41.5167770386, 33.6771202087, 28.9386825562, 149.82611084, 78.8066940308, 22.2926273346, 40.5263404846], [-453.659576416, -33.1716308594, -69.6249237061, 52.0110702515, 9.36815166473, -9.43405532837, 42.0449676514, 43.7351951599, 9.31230354309, 78.8066940308, 169.125442505, 48.4513206482, 65.2707672119], [68.0222702026, -128.987319946, 0.0707074850798, 65.34034729, -3.42928767204, -0.746080338955, -6.95680332184, -1.1301240921, -0.361236274242, 22.2926273346, 48.4513206482, 111.440223694, 40.5300292969], [-356.649108887, -52.809551239, -151.446731567, 0.135391622782, -17.7984600067, -31.9772853851, 2.01177740097, 39.9971694946, 2.64906263351, 40.5263404846, 65.2707672119, 40.5300292969, 138.895812988]],
        "icov": [[5.10037389176e-05, -9.73848073045e-05, 9.99983458314e-05, -0.000175300025148, 8.63511013449e-05, -0.000153822154971, 0.000128428218886, -7.34244895284e-05, 0.000192039777176, -9.49730019784e-05, 0.000198881476535, -0.000163193180924, 0.000176286892383], [-9.73848073045e-05, 0.0012433861848, -0.000186887555174, 0.000242214693571, -0.000466924364446, 0.000489062455017, -0.000744029995985, 0.000190389109775, -0.000620678067207, 0.000368656386854, -0.000435679481598, 0.00152723677456, -0.000309250404825], [9.99983458314e-05, -0.000186887555174, 0.00138451904058, -0.00114486552775, -0.000169011356775, -0.000611848314293, 0.000339268881362, 0.000767777324654, -0.000260310829617, 2.90470106847e-05, 0.000464809330879, -0.000213684979826, 0.0011483465787], [-0.000175300025148, 0.000242214693571, -0.00114486552775, 0.0028310706839, -0.0011556239333, 0.000648847839329, -0.000212888728129, -0.000850286218338, -0.000103906153527, -0.000434944260633, -0.000722527911421, -0.000671188347042, -0.00069560209522], [8.63511013449e-05, -0.000466924364446, -0.000169011356775, -0.0011556239333, 0.00461999652907, -0.000703098427039, -0.00178281718399, 0.000509450212121, -0.00118854769971, 0.00109646818601, 7.50841936679e-05, -9.0587658633e-05, -0.000135797119583], [-0.000153822154971, 0.000489062455017, -0.000611848314293, 0.000648847839329, -0.000703098427039, 0.00418680720031, -0.00208131736144, -0.000772835919634, 5.18677588843e-05, 0.00011710148101, 9.41455509746e-05, 2.50713273999e-05, 0.000162994241691], [0.000128428218886, -0.000744029995985, 0.000339268881362, -0.000212888728129, -0.00178281718399, -0.00208131736144, 0.00606943527237, -0.000461547984742, 0.000628046342172, -0.00142324529588, -0.000496435619425, -0.000166872676346, 0.000439661642304], [-7.34244895284e-05, 0.000190389109775, 0.000767777324654, -0.000850286218338, 0.000509450212121, -0.000772835919634, -0.000461547984742, 0.0078188534826, -0.00386653561145, 0.00066893309122, -0.00161262089387, 0.00194931589067, -0.00156811566558], [0.000192039777176, -0.000620678067207, -0.000260310829617, -0.000103906153527, -0.00118854769971, 5.18677588843e-05, 0.000628046342172, -0.00386653561145, 0.0104271546006, -0.00246804370545, 0.0018270079745, -0.00144967762753, 0.00102306215558], [-9.49730019784e-05, 0.000368656386854, 2.90470106847e-05, -0.000434944260633, 0.00109646818601, 0.00011710148101, -0.00142324529588, 0.00066893309122, -0.00246804370545, 0.0100649306551, -0.00426261965185, 0.000977908726782, -0.00124801928177], [0.000198881476535, -0.000435679481598, 0.000464809330879, -0.000722527911421, 7.50841936679e-05, 9.41455509746e-05, -0.000496435619425, -0.00161262089387, 0.0018270079745, -0.00426261965185, 0.0107833603397, -0.00354198087007, -0.00146953784861], [-0.000163193180924, 0.00152723677456, -0.000213684979826, -0.000671188347042, -9.0587658633e-05, 2.50713273999e-05, -0.000166872676346, 0.00194931589067, -0.00144967762753, 0.000977908726782, -0.00354198087007, 0.0137606235221, -0.0032440465875], [0.000176286892383, -0.000309250404825, 0.0011483465787, -0.00069560209522, -0.000135797119583, 0.000162994241691, 0.000439661642304, -0.00156811566558, 0.00102306215558, -0.00124801928177, -0.00146953784861, -0.0032440465875, 0.011234652251]]
    },
    "melbands": {
        "dmean": [0.00259424024262, 0.00156294729095, 0.000785220297985, 0.000679065589793, 0.000176131550688, 0.000128280036733, 0.000107179985207, 0.00015732247266, 0.000149081184645, 0.000142242439324, 0.000109690459794, 0.000104643280793, 5.84289082326e-05, 3.84987761208e-05, 3.72320864699e-05, 3.21289335261e-05, 3.25412984239e-05, 3.76949647034e-05, 2.35010302276e-05, 2.07526481972e-05, 1.76871271833e-05, 1.28607571241e-05, 1.24370271806e-05, 1.21337861856e-05, 1.00409115475e-05, 5.58012925467e-06, 4.52140011475e-06, 5.54191274205e-06, 4.13475936512e-06, 2.62637172455e-06, 2.02496994461e-06, 1.75700267846e-06, 1.5289873545e-06, 1.09184281882e-06, 9.24484254483e-07, 9.79870378615e-07, 7.08807647243e-07, 6.71272744057e-07, 6.35662559034e-07, 5.44346789866e-07],
        "dmean2": [0.00385812972672, 0.00267972424626, 0.00133825396188, 0.00123203243129, 0.000284923356958, 0.000212796847336, 0.000177910609636, 0.00025966425892, 0.000237514788751, 0.000213438121136, 0.000161959120305, 0.000154271139763, 8.54150057421e-05, 6.0645321355e-05, 6.00391504122e-05, 5.1358492783e-05, 5.00922687934e-05, 5.70926204091e-05, 3.51206144842e-05, 3.21975639963e-05, 2.59858461504e-05, 1.94122985704e-05, 1.90852497326e-05, 1.90533792193e-05, 1.53843429871e-05, 8.65133915795e-06, 6.98919393471e-06, 8.56391943671e-06, 6.30363911114e-06, 4.12239751313e-06, 3.10827931571e-06, 2.81515963252e-06, 2.50146626968e-06, 1.68886356278e-06, 1.38605184929e-06, 1.48267554323e-06, 1.06035543013e-06, 9.91874003375e-07, 9.31576948915e-07, 8.04235014584e-07],
        "dvar": [2.43081813096e-05, 1.11445033326e-05, 3.92477795685e-06, 3.83664519177e-06, 1.08534180754e-07, 7.02063545077e-08, 6.52304450455e-08, 1.27066243749e-07, 8.97573215752e-08, 1.51697079787e-07, 5.3334790806e-08, 6.76771634289e-08, 2.33853327813e-08, 7.98364485632e-09, 7.38905514552e-09, 5.06385422483e-09, 5.02258989954e-09, 7.32739602327e-09, 2.36558550526e-09, 2.29273555696e-09, 1.76950587516e-09, 7.72324759701e-10, 7.79972531006e-10, 8.31539781476e-10, 4.83275475194e-10, 1.37636027575e-10, 8.44913861098e-11, 1.30810945409e-10, 8.49676995429e-11, 3.19578773167e-11, 1.83380498286e-11, 2.3757856793e-11, 2.48687979931e-11, 8.41102708315e-12, 5.19083344017e-12, 5.96181784496e-12, 3.07500899743e-12, 3.55523119625e-12, 2.76310246385e-12, 1.8879745857e-12],
        "dvar2": [5.09719429829e-05, 3.18189959216e-05, 1.04430837382e-05, 1.1004962289e-05, 2.69259942343e-07, 1.84521780966e-07, 1.74698001842e-07, 3.22477262671e-07, 2.14717957192e-07, 3.0415228025e-07, 1.14556804931e-07, 1.46269385937e-07, 4.62155114178e-08, 1.8868835383e-08, 1.91102920155e-08, 1.25887558156e-08, 1.12753166803e-08, 1.66848526106e-08, 5.29731725152e-09, 5.51335821442e-09, 3.76800013413e-09, 1.75613223963e-09, 1.815870454e-09, 2.05465311431e-09, 1.08745024097e-09, 3.21312781937e-10, 2.03913289032e-10, 3.00020702726e-10, 1.90657115096e-10, 7.63265978199e-11, 4.25582277752e-11, 6.12165595992e-11, 6.73879771429e-11, 2.02272781857e-11, 1.0979660757e-11, 1.35101374532e-11, 6.31791364017e-12, 7.41479620758e-12, 5.90692425528e-12, 3.99600534953e-12],
        "max": [0.0524185150862, 0.0339613854885, 0.0242857616395, 0.0199501104653, 0.00567885953933, 0.00402914406732, 0.00793372560292, 0.00750537076965, 0.00397898070514, 0.0104937413707, 0.00488225510344, 0.00923345144838, 0.00536285154521, 0.00180508627091, 0.00246645393781, 0.00162841088604, 0.00284424121492, 0.00211768783629, 0.00107227673288, 0.00109502696432, 0.000796785752755, 0.000509308418259, 0.000741513213143, 0.000701173674315, 0.000648973335046, 0.000266634509899, 0.000296627520584, 0.00023579239496, 0.000199742105906, 0.00016105636314, 6.41505903332e-05, 0.000137487280881, 7.90311896708e-05, 6.12700023339e-05, 8.74071047292e-05, 4.95053027407e-05, 4.21027398261e-05, 5.38173007953e-05, 4.07720799558e-05, 4.01272700401e-05],
        "mean": [0.0049003190361, 0.00216736108996, 0.000806607306004, 0.000579385145102, 0.00025298379478, 0.00015707834973, 0.000142376011354, 0.000209619509405, 0.000229831872275, 0.000220844594878, 0.000225939002121, 0.000248531141551, 0.000104653794551, 6.06889370829e-05, 5.53096142539e-05, 4.59903858427e-05, 5.27848860656e-05, 6.07790716458e-05, 3.9531631046e-05, 3.33351854351e-05, 2.73670793831e-05, 2.12080667552e-05, 2.16120806726e-05, 2.01518105314e-05, 1.69658269442e-05, 9.58525652095e-06, 8.21462435852e-06, 9.71779900283e-06, 7.28766462998e-06, 4.62451362182e-06, 3.55294423571e-06, 2.66871097665e-06, 2.13434827856e-06, 1.79310711701e-06, 1.72407828813e-06, 1.72863076386e-06, 1.27248824811e-06, 1.16499745673e-06, 1.1246320355e-06, 1.01918362816e-06],
        "median": [0.00168414006475, 0.000603575783316, 0.000153520915774, 0.000120410812087, 9.71157569438e-05, 5.2146067901e-05, 4.6023305913e-05, 5.73522484046e-05, 7.66059092712e-05, 5.68925497646e-05, 4.68057551188e-05, 3.67629363609e-05, 1.94610474864e-05, 1.65055243997e-05, 1.54432491399e-05, 1.24686503113e-05, 1.09752818389e-05, 1.30826301756e-05, 1.07821879283e-05, 1.01443220046e-05, 6.93574338584e-06, 6.52027893011e-06, 6.51218306302e-06, 5.57928115086e-06, 4.81012830278e-06, 3.53650671059e-06, 3.28397595695e-06, 3.21179527418e-06, 2.24504674406e-06, 1.7234212919e-06, 1.40125087e-06, 8.33237265851e-07, 5.78657704864e-07, 4.89150409066e-07, 4.54294877272e-07, 4.00181050964e-07, 3.28054596821e-07, 2.90463702868e-07, 2.77459918152e-07, 2.44618888701e-07],
        "min": [7.07347562758e-25, 1.05108083391e-24, 1.82711545246e-24, 8.74099692613e-25, 1.89836596107e-24, 1.49939896661e-24, 2.45798585938e-24, 2.43405063623e-24, 8.54236865273e-25, 1.25405119495e-24, 2.81223804837e-24, 1.23618655229e-24, 1.5869964481e-24, 1.68633829354e-24, 2.8936538186e-24, 3.9610918806e-24, 2.8708358197e-24, 1.97469081745e-24, 3.38942804841e-24, 3.62659986843e-24, 3.45014470013e-24, 4.21425509445e-24, 3.45938068361e-24, 3.49563199765e-24, 4.13759516941e-24, 3.80809270246e-24, 2.9551200854e-24, 3.67028540764e-24, 4.45513179971e-24, 5.2374345098e-24, 5.12593927604e-24, 4.84726351164e-24, 5.16408346182e-24, 4.87709231462e-24, 6.45045330198e-24, 5.94062709286e-24, 5.15070477529e-24, 6.3244836539e-24, 5.85465308711e-24, 5.57737005664e-24],
        "stdev": [0.00755723146722, 0.00386127922684, 0.00187389855273, 0.00160453852732, 0.000412967638113, 0.000288490846287, 0.000288880692096, 0.000456286215922, 0.000392639543861, 0.000556640618015, 0.000438710354501, 0.000638276454993, 0.000307487003738, 0.000125061822473, 0.000107375439256, 8.95826160558e-05, 0.000108779160655, 0.000130241154693, 7.45445431676e-05, 6.45821055514e-05, 5.88918192079e-05, 3.83807891922e-05, 4.2173647671e-05, 3.94931557821e-05, 3.19507089444e-05, 1.64405446412e-05, 1.32991253849e-05, 1.75558416231e-05, 1.43314473462e-05, 8.48708714329e-06, 5.82815846428e-06, 5.62239620194e-06, 5.11427424499e-06, 3.6162489323e-06, 3.34071296493e-06, 3.4909205624e-06, 2.6019743018e-06, 2.62396065409e-06, 2.37098765865e-06, 2.0895383841e-06],
        "var": [5.71117489017e-05, 1.49094776134e-05, 3.51149583366e-06, 2.57454371422e-06, 1.70542264755e-07, 8.32269719808e-08, 8.34520577087e-08, 2.08197107554e-07, 1.54165817889e-07, 3.09848758206e-07, 1.92466771409e-07, 4.07396868241e-07, 9.45482554471e-08, 1.56404578178e-08, 1.15294849223e-08, 8.025045517e-09, 1.18329053223e-08, 1.69627600854e-08, 5.55688872694e-09, 4.17084855542e-09, 3.46824657882e-09, 1.47308498732e-09, 1.77861647632e-09, 1.55970947269e-09, 1.0208478507e-09, 2.70291483639e-10, 1.76866729595e-10, 3.08207570576e-10, 2.05390371377e-10, 7.20306522761e-11, 3.39674295635e-11, 3.16113385468e-11, 2.61558032177e-11, 1.30772571591e-11, 1.1160363432e-11, 1.21865260938e-11, 6.77027010842e-12, 6.88516908418e-12, 5.62158262649e-12, 4.36617105318e-12]
    },
    "melbands128": {
