{
"lowlevel": {
    "average_loudness": 0.669983506203,
    "barkbands_crest": {
        "dmean": 2.24786806107,
        "dmean2": 3.61058807373,
        "dvar": 4.26719760895,
        "dvar2": 10.8467340469,
        "max": 26.414894104,
        "mean": 12.4327917099,
        "median": 11.7771587372,
        "min": 2.38475012779,
        "stdev": 4.6579413414,
        "var": 21.6964168549
    },
    "barkbands_flatness_db": {
        "dmean": 0.0176280997694,
        "dmean2": 0.0263567473739,
        "dvar": 0.000312157062581,
        "dvar2": 0.000671187473927,
        "max": 0.624654173851,
        "mean": 0.1742657125,
        "median": 0.164162397385,
        "min": 0.0165932234377,
        "stdev": 0.06690312922,
        "var": 0.0044760289602
    },
    "barkbands_kurtosis": {
        "dmean": 3.09232664108,
        "dmean2": 4.77603006363,
        "dvar": 45.2112388611,
        "dvar2": 109.26499176,
        "max": 289.53503418,
        "mean": 6.83941650391,
        "median": 3.48915696144,
        "min": -1.87993741035,
        "stdev": 11.7298870087,
        "var": 137.590255737
    },
    "barkbands_skewness": {
        "dmean": 0.442873984575,
        "dmean2": 0.670288980007,
        "dvar": 0.233760878444,
        "dvar2": 0.533659040928,
        "max": 14.4609441757,
        "mean": 1.72842299938,
        "median": 1.63156735897,
        "min": -2.30299806595,
        "stdev": 1.3999530077,
        "var": 1.95986831188
    },
    "barkbands_spread": {
        "dmean": 3.44520449638,
        "dmean2": 4.99536657333,
        "dvar": 32.0477790833,
        "dvar2": 55.8926887512,
        "max": 113.805000305,
        "mean": 16.4484195709,
        "median": 14.4207429886,
        "min": 0.113225616515,
        "stdev": 12.4455461502,
        "var": 154.891616821
    },
    "dissonance": {
        "dmean": 0.0240044370294,
        "dmean2": 0.0407059527934,
        "dvar": 0.000492337159812,
        "dvar2": 0.00139075424522,
        "max": 0.499997317791,
        "mean": 0.445712536573,
        "median": 0.450861811638,
        "min": 0.205660030246,
        "stdev": 0.0334079638124,
        "var": 0.00111609196756
    },
    "dynamic_complexity": 4.00274038315,
    "erbbands_crest": {
        "dmean": 2.3989481926,
        "dmean2": 3.73693537712,
        "dvar": 5.14455366135,
        "dvar2": 12.1328048706,
        "max": 30.4746131897,
        "mean": 10.7111759186,
        "median": 9.80069923401,
        "min": 2.60082268715,
        "stdev": 4.7433142662,
        "var": 22.4990291595
    },
    "erbbands_flatness_db": {
        "dmean": 0.0131168114021,
        "dmean2": 0.0191152766347,
        "dvar": 0.000173819658812,
        "dvar2": 0.000360379723134,
        "max": 0.4373062253,
        "mean": 0.169780492783,
        "median": 0.166956484318,
        "min": 0.051316190511,
        "stdev": 0.0439168773592,
        "var": 0.00192869221792
    },
    "erbbands_kurtosis": {
        "dmean": 1.07328152657,
        "dmean2": 1.67137897015,
        "dvar": 3.5947470665,
        "dvar2": 8.64525413513,
        "max": 69.6040725708,
        "mean": 1.72315466404,
        "median": 0.898354291916,
        "min": -1.81922149658,
        "stdev": 3.39593052864,
        "var": 11.5323438644
    },
    "erbbands_skewness": {
        "dmean": 0.307690113783,
        "dmean2": 0.466476500034,
        "dvar": 0.104845017195,
        "dvar2": 0.233840227127,
        "max": 6.83327388763,
        "mean": 0.737842798233,
        "median": 0.707383155823,
        "min": -2.4554400444,
        "stdev": 0.798646867275,
        "var": 0.637836813927
    },
    "erbbands_spread": {
        "dmean": 5.68613386154,
        "dmean2": 8.4250793457,
        "dvar": 58.9128952026,
        "dvar2": 114.061706543,
        "max": 131.68927002,
        "mean": 31.7627468109,
        "median": 28.5609722137,
        "min": 1.48142039776,
        "stdev": 17.6615600586,
        "var": 311.930725098
    },
    "hfc": {
        "dmean": 3.45298647881,
        "dmean2": 4.87918329239,
        "dvar": 28.242565155,
        "dvar2": 52.2195167542,
        "max": 148.042251587,
        "mean": 20.6397724152,
        "median": 16.7450389862,
        "min": 1.06266847738e-16,
        "stdev": 17.0073318481,
        "var": 289.249328613
    },
    "loudness_ebu128": {
        "integrated": -10.1419553757,
        "loudness_range": 7.91994762421,
        "momentary": {
            "dmean": 0.45662766695,
            "dmean2": 0.436343163252,
            "dvar": 11.0203533173,
            "dvar2": 15.4188232422,
            "max": -6.32901287079,
            "mean": -19.9352207184,
            "median": -10.5915184021,
            "min": -300.691009521,
            "stdev": 45.4800682068,
            "var": 2068.43652344
        },
        "short_term": {
            "dmean": 0.188568174839,
            "dmean2": 0.170224100351,
            "dvar": 10.1249275208,
            "dvar2": 15.2993612289,
            "max": -7.69591236115,
            "mean": -16.7000293732,
            "median": -10.5326042175,
            "min": -300.691009521,
            "stdev": 34.9563331604,
            "var": 1221.9453125
        }
    },
    "melbands_crest": {
        "dmean": 2.64461803436,
        "dmean2": 4.18568897247,
        "dvar": 6.22792291641,
        "dvar2": 15.4079198837,
        "max": 35.2509269714,
        "mean": 15.5925331116,
        "median": 15.1752090454,
        "min": 1.50381064415,
        "stdev": 5.85996723175,
        "var": 34.3392181396
    },
    "melbands_flatness_db": {
        "dmean": 0.0202458128333,
        "dmean2": 0.0297208614647,
        "dvar": 0.000428049621405,
        "dvar2": 0.000907833513338,
        "max": 0.793536484241,
        "mean": 0.247711122036,
        "median": 0.240200996399,
        "min": 0.00345300976187,
        "stdev": 0.0912786349654,
        "var": 0.0083317887038
    },
    "melbands_kurtosis": {
        "dmean": 5.33907699585,
        "dmean2": 8.27796173096,
        "dvar": 81.0007324219,
        "dvar2": 190.722381592,
        "max": 270.252532959,
        "mean": 13.7513914108,
        "median": 8.21028232574,
        "min": -1.52184951305,
        "stdev": 19.0545578003,
        "var": 363.076202393
    },
    "melbands_skewness": {
        "dmean": 0.544253051281,
        "dmean2": 0.834959685802,
        "dvar": 0.329043537378,
        "dvar2": 0.760574221611,
        "max": 12.8696088791,
        "mean": 2.47276711464,
        "median": 2.26474905014,
        "min": -1.1613638401,
        "stdev": 1.59143483639,
        "var": 2.53266501427
    },
    "melbands_spread": {
        "dmean": 3.95894885063,
        "dmean2": 5.91326236725,
        "dvar": 39.9010772705,
        "dvar2": 88.400352478,
        "max": 168.012924194,
        "mean": 19.5556735992,
        "median": 14.2626409531,
        "min": 0.152122735977,
        "stdev": 23.2371063232,
        "var": 539.96307373
    },
    "pitch_salience": {
        "dmean": 0.0550154596567,
        "dmean2": 0.0884797722101,
        "dvar": 0.00258875312284,
        "dvar2": 0.00663222186267,
        "max": 0.842402815819,
        "mean": 0.487573742867,
        "median": 0.486282289028,
        "min": 0.0367011167109,
        "stdev": 0.122608296573,
        "var": 0.0150327943265
    },
    "silence_rate_20dB": {
        "dmean": 0,
        "dmean2": 0,
        "dvar": 0,
        "dvar2": 0,
        "max": 1,
        "mean": 1,
        "median": 1,
        "min": 1,
        "stdev": 0,
        "var": 0
    },
    "silence_rate_30dB": {
        "dmean": 0.0274505987763,
        "dmean2": 0.0549065433443,
        "dvar": 0.0266969166696,
        "dvar2": 0.0614310279489,
        "max": 1,
        "mean": 0.948316156864,
        "median": 1,
        "min": 0,
        "stdev": 0.221394747496,
        "var": 0.0490156374872
    },
    "silence_rate_60dB": {
        "dmean": 0.0075927185826,
        "dmean2": 0.0151869161054,
        "dvar": 0.00753778312355,
        "dvar2": 0.0186539459974,
        "max": 1,
        "mean": 0.105606384575,
        "median": 0,
        "min": 0,
        "stdev": 0.307350188494,
        "var": 0.0944641456008
    },
    "spectral_centroid": {
        "dmean": 152.557510376,
        "dmean2": 219.539031982,
        "dvar": 57238.90625,
        "dvar2": 111748.78125,
        "max": 11751.6708984,
        "mean": 1219.44360352,
        "median": 877.546508789,
        "min": 101.180709839,
        "stdev": 1705.11791992,
        "var": 2907427
    },
    "spectral_complexity": {
        "dmean": 1.91725885868,
        "dmean2": 3.09832549095,
        "dvar": 3.64178776741,
        "dvar2": 8.43004798889,
        "max": 48,
        "mean": 15.1660499573,
        "median": 16,
        "min": 0,
        "stdev": 7.3289937973,
        "var": 53.7141494751
    },
    "spectral_decrease": {
        "dmean": 2.35011055061e-09,
        "dmean2": 3.66519814499e-09,
        "dvar": 1.11568119244e-17,
        "dvar2": 2.64951326875e-17,
        "max": 2.07050420901e-28,
        "mean": -1.10407789577e-08,
        "median": -8.94075657953e-09,
        "min": -8.64493898689e-08,
        "stdev": 9.33743216081e-09,
        "var": 8.71876357423e-17
    },
    "spectral_energy": {
        "dmean": 0.00901859998703,
        "dmean2": 0.0140640242025,
        "dvar": 0.000161539646797,
        "dvar2": 0.000384440470953,
        "max": 0.32968467474,
        "mean": 0.0435425117612,
        "median": 0.0359735637903,
        "min": 1.00727043349e-20,
        "stdev": 0.0361861400306,
        "var": 0.00130943674594
    },
    "spectral_energyband_high": {
        "dmean": 0.000202602997888,
        "dmean2": 0.0002717525349,
        "dvar": 3.22690794974e-07,
        "dvar2": 5.6768868717e-07,
        "max": 0.0206871908158,
        "mean": 0.000658339762595,
        "median": 0.000294646626571,
        "min": 6.99361093854e-21,
        "stdev": 0.00114651094191,
        "var": 1.3144872355e-06
    },
    "spectral_energyband_low": {
        "dmean": 0.00719045149162,
        "dmean2": 0.0112980054691,
        "dvar": 0.000157599046361,
        "dvar2": 0.000375678529963,
        "max": 0.301802992821,
        "mean": 0.0213007815182,
        "median": 0.00793247390538,
        "min": 8.68468330155e-24,
        "stdev": 0.0278510637581,
        "var": 0.000775681750383
    },
    "spectral_energyband_middle_high": {
        "dmean": 0.00157344026957,
        "dmean2": 0.00220817932859,
        "dvar": 6.26073142485e-06,
        "dvar2": 1.2843094737e-05,
        "max": 0.0554405525327,
        "mean": 0.00643685040995,
        "median": 0.00343389273621,
        "min": 1.10101536161e-21,
        "stdev": 0.00782119575888,
        "var": 6.1171107518e-05
    },
    "spectral_energyband_middle_low": {
        "dmean": 0.00392016861588,
        "dmean2": 0.00596926547587,
        "dvar": 2.74436370091e-05,
        "dvar2": 6.27604022156e-05,
        "max": 0.118130773306,
        "mean": 0.0156762488186,
        "median": 0.0134517420083,
        "min": 1.38266061617e-22,
        "stdev": 0.0126354303211,
        "var": 0.000159654096933
    },
    "spectral_entropy": {
        "dmean": 0.140486702323,
        "dmean2": 0.203827261925,
        "dvar": 0.0254908706993,
        "dvar2": 0.0498050451279,
        "max": 9.82364463806,
        "mean": 7.2385559082,
        "median": 7.19572925568,
        "min": 4.22842025757,
        "stdev": 0.654198944569,
        "var": 0.427976220846
    },
    "spectral_flux": {
        "dmean": 0.0188081879169,
        "dmean2": 0.0306922663003,
        "dvar": 0.000424418074545,
        "dvar2": 0.00110949086957,
        "max": 0.342118650675,
        "mean": 0.0729157701135,
        "median": 0.0687373876572,
        "min": 6.23123636023e-11,
        "stdev": 0.0440106540918,
        "var": 0.00193693756592
    },
    "spectral_kurtosis": {
        "dmean": 2.19074463844,
        "dmean2": 3.64395666122,
        "dvar": 30.5431499481,
        "dvar2": 88.4009857178,
        "max": 255.774963379,
        "mean": 7.63801383972,
        "median": 5.08016490936,
        "min": -1.2722748518,
        "stdev": 15.095872879,
        "var": 227.885391235
    },
    "spectral_rms": {
        "dmean": 0.000616365927272,
        "dmean2": 0.00095802533906,
        "dvar": 4.742064732e-07,
        "dvar2": 1.14266174478e-06,
        "max": 0.0179344248027,
        "mean": 0.00581227662042,
        "median": 0.00592420157045,
        "min": 3.13480925246e-12,
        "stdev": 0.00294923805632,
        "var": 8.6980053311e-06
    },
    "spectral_rolloff": {
        "dmean": 241.15737915,
        "dmean2": 397.096343994,
        "dvar": 446785.96875,
        "dvar2": 865298.125,
        "max": 19810.546875,
        "mean": 1434.68798828,
        "median": 732.12890625,
        "min": 64.599609375,
        "stdev": 3158.47387695,
        "var": 9975958
    },
    "spectral_skewness": {
        "dmean": 0.228219151497,
        "dmean2": 0.359810978174,
        "dvar": 0.0979819446802,
        "dvar2": 0.255233108997,
        "max": 12.9818954468,
        "mean": 2.01097369194,
        "median": 1.89575195312,
        "min": -0.100529424846,
        "stdev": 1.05305993557,
        "var": 1.10893523693
    },
    "spectral_spread": {
        "dmean": 472483.25,
        "dmean2": 683452.625,
        "dvar": 553692495872,
        "dvar2": 942529249280,
        "max": 42927856,
        "mean": 5636032.5,
        "median": 4519717.5,
        "min": 458864.5625,
        "stdev": 5994654.5,
        "var": 3.59358823137e+13
    },
    "spectral_strongpeak": {
        "dmean": 0.419073313475,
        "dmean2": 0.726966381073,
        "dvar": 0.705739140511,
        "dvar2": 1.81579339504,
        "max": 9.47532939911,
        "mean": 0.981130957603,
        "median": 0.577766478062,
        "min": 0,
        "stdev": 1.21044814587,
        "var": 1.46518468857
    },
    "zerocrossingrate": {
        "dmean": 0.0070986864157,
        "dmean2": 0.00844790227711,
        "dvar": 0.000113374298962,
        "dvar2": 0.000130089058075,
        "max": 0.53369140625,
        "mean": 0.0544380359352,
        "median": 0.037353515625,
        "min": 0.001953125,
        "stdev": 0.0816266387701,
        "var": 0.00666290847585
    },
    "barkbands": {
        "dmean": [0.000318610924296, 0.00662500644103, 0.000981583842076, 0.000437005539425, 0.00179969822057, 0.00198041950352, 0.000353741517756, 0.000487453682581, 0.00106074346695, 0.00055956892902, 0.000805709511042, 0.000380036653951, 0.000350602495018, 0.00029993080534, 0.000200009773835, 9.90460830508e-05, 7.66879238654e-05, 8.85392073542e-05, 8.87024725671e-05, 7.60408074711e-05, 6.70372828608e-05, 2.73259702226e-05, 3.74334413209e-05, 5.06916767335e-05, 4.50974075648e-05, 7.95819232735e-06, 3.21161280681e-07],
        "dmean2": [0.000420651020249, 0.0104358559474, 0.00161697203293, 0.000744111079257, 0.00272118090652, 0.00300131971017, 0.000509642879479, 0.000704679521732, 0.00156850274652, 0.00081777467858, 0.00117451522965, 0.000573368219193, 0.000502140901517, 0.000441700132797, 0.000294552941341, 0.000147490703966, 0.000111798923172, 0.000130221858853, 0.000131372144097, 0.000110944332846, 9.64790160651e-05, 3.96404211642e-05, 5.24618590134e-05, 7.36166039133e-05, 6.35371980025e-05, 1.19855076264e-05, 4.94604478263e-07],
        "dvar": [9.37739571327e-07, 0.000136731599923, 4.22072889705e-06, 1.30796877329e-06, 1.22163328342e-05, 1.11086510515e-05, 4.56140412552e-07, 1.12842610633e-06, 5.15720694239e-06, 1.7921096287e-06, 3.76408911507e-06, 1.20793617953e-06, 8.32891203117e-07, 4.84641361709e-07, 2.30869389384e-07, 9.27116445837e-08, 5.81175925163e-08, 3.59432341668e-08, 1.25616324453e-07, 3.671408777e-08, 5.84452521935e-08, 1.88403106449e-08, 3.86450658141e-08, 3.15453156929e-08, 1.60698796492e-08, 1.2687975115e-09, 2.04414718659e-12],
        "dvar2": [1.25672340801e-06, 0.000328102469211, 1.05582221295e-05, 3.37040273735e-06, 2.78270654235e-05, 2.50986740866e-05, 1.09865982267e-06, 2.09562244891e-06, 1.14967760965e-05, 3.83078122468e-06, 7.8910825323e-06, 2.41826910496e-06, 1.4971769815e-06, 1.01019520571e-06, 4.75432329949e-07, 1.97066881924e-07, 1.08586831971e-07, 6.99666529158e-08, 3.20192668823e-07, 7.80743292239e-08, 1.46814059576e-07, 2.78552931832e-08, 7.25048607819e-08, 6.60810712816e-08, 2.94684809887e-08, 2.82239898119e-09, 4.32396739941e-12],
        "max": [0.0304064247757, 0.26433417201, 0.0388768874109, 0.033202085644, 0.0964169576764, 0.0550189092755, 0.0183430723846, 0.0300444662571, 0.0484697669744, 0.04889472574, 0.0506085902452, 0.0393540859222, 0.0354094430804, 0.0178495440632, 0.0132393408567, 0.00767321558669, 0.0076844743453, 0.00625571422279, 0.0198633223772, 0.00829260703176, 0.0148286474869, 0.0127161266282, 0.00606148969382, 0.00500874128193, 0.00389877078123, 0.00132588378619, 7.62414420024e-05],
        "mean": [0.000671331305057, 0.0180302336812, 0.00215881248005, 0.000875009282026, 0.00467846216634, 0.00530922878534, 0.000842487439513, 0.00104217056651, 0.00273222988471, 0.00131759478245, 0.00191422982607, 0.000788917648606, 0.000730244151782, 0.000598986109253, 0.000393406196963, 0.000181468582014, 0.000157536196639, 0.000195195170818, 0.000211301303352, 0.000188567952137, 0.000170891638845, 5.41439549124e-05, 6.57049677102e-05, 0.000111849491077, 0.000107279833173, 1.46388001667e-05, 5.04684351199e-07],
        "median": [4.07240950153e-05, 0.00489795021713, 0.00103763921652, 0.000368550332496, 0.00216841348447, 0.00239137280732, 0.000364668550901, 0.000352587958332, 0.000761133036576, 0.000308371993015, 0.000325773929944, 0.00017005247355, 0.000176069530426, 0.000201023460249, 0.000123728663311, 5.55352671654e-05, 5.06358701386e-05, 7.04011908965e-05, 6.24243548373e-05, 6.04632004979e-05, 5.35594735993e-05, 1.86827746802e-05, 8.54390964378e-06, 2.69330012088e-05, 3.50215341314e-05, 3.92795664084e-06, 6.88363996915e-08],
        "min": [3.33284709859e-25, 1.68437087445e-24, 5.48936256469e-25, 1.37892294587e-25, 2.71496420179e-24, 7.84934744496e-24, 4.27564346124e-24, 3.99069940809e-24, 1.03307110001e-23, 1.54195233264e-23, 6.94824741014e-24, 2.19681574678e-23, 1.49963073394e-23, 3.11351345496e-23, 3.23604848155e-23, 3.61423281713e-23, 5.42570389566e-23, 8.04430179591e-23, 1.12396712449e-22, 1.35099245777e-22, 2.02605481316e-22, 2.96494873218e-22, 3.35462027094e-22, 5.42162567411e-22, 8.29854207311e-22, 1.26891182137e-21, 1.85277794337e-21],
        "stdev": [0.00184585980605, 0.0251315124333, 0.00318442448042, 0.00171775405761, 0.00699669728056, 0.0073584318161, 0.0013202187838, 0.00205517583527, 0.00507732387632, 0.00298453867435, 0.00471334904432, 0.00224783434533, 0.00169316015672, 0.00112295115832, 0.000948260945734, 0.000474935455713, 0.000445630896138, 0.00037590530701, 0.000458391732536, 0.000346822431311, 0.000349348440068, 0.000284044770524, 0.000323558400851, 0.000285380752757, 0.000221630340093, 5.26632175024e-05, 2.42143914875e-06],
        "var": [3.40719861924e-06, 0.000631592934951, 1.01405594251e-05, 2.95067911793e-06, 4.89537742396e-05, 5.41465196875e-05, 1.74297770172e-06, 4.22374796472e-06, 2.57792180491e-05, 8.90747105586e-06, 2.22156577365e-05, 5.05275875184e-06, 2.86679141936e-06, 1.26101917886e-06, 8.99198767002e-07, 2.25563695722e-07, 1.98586889155e-07, 1.41304809631e-07, 2.10122991007e-07, 1.20285790217e-07, 1.22044326645e-07, 8.06814242083e-08, 1.04690045077e-07, 8.14421667883e-08, 4.91200076169e-08, 2.77341438704e-09, 5.86336751721e-12]
    },
    "erbbands": {
        "dmean": [0.225781857967, 1.41678965092, 1.51028954983, 1.07326793671, 1.96075797081, 7.27884531021, 17.1261367798, 14.5156793594, 5.72095108032, 6.32151842117, 14.3450717926, 25.2970504761, 14.4420785904, 24.3383674622, 27.0986347198, 14.5536785126, 14.0977010727, 13.6366844177, 10.4878950119, 9.26400852203, 4.8747086525, 3.09356617928, 4.03047895432, 4.72855710983, 3.48547887802, 3.32273006439, 3.80931997299, 1.43242907524, 0.918566584587, 1.0304967165, 1.05491232872, 1.12248706818, 0.83434599638, 0.539712071419, 0.342355042696, 0.0677401795983, 0.00946565996855, 0.000905975757632, 5.97161961196e-05, 1.08352369352e-05],
        "dmean2": [0.328400611877, 2.33640789986, 2.52426981926, 1.79942250252, 3.12152934074, 10.9840764999, 26.0350017548, 21.8273601532, 8.98996162415, 8.17348098755, 20.4613170624, 36.1544342041, 21.0837249756, 34.8750839233, 38.7890663147, 21.0570373535, 19.802028656, 19.8985538483, 15.0483446121, 13.8035116196, 7.00888109207, 4.35403013229, 5.84300994873, 6.69434976578, 5.29912662506, 4.84187650681, 5.38971471786, 2.02185845375, 1.33927071095, 1.47296762466, 1.47151005268, 1.64346075058, 1.19929969311, 0.763210892677, 0.490868270397, 0.0986219421029, 0.0140758957714, 0.00135010061786, 9.07776702661e-05, 1.67649104696e-05],
        "dvar": [0.23551748693, 5.68182420731, 9.11405563354, 6.90695953369, 15.8697891235, 263.719055176, 912.292114258, 779.26776123, 126.455566406, 134.645690918, 773.458496094, 3032.64819336, 1224.05895996, 2613.55078125, 4145.19091797, 1388.1237793, 1510.57641602, 1190.25952148, 536.329772949, 576.037109375, 197.972763062, 85.3280563354, 80.6078796387, 102.524765015, 453.607513428, 73.2287826538, 234.382827759, 10.8747615814, 19.9391498566, 40.2092819214, 29.4451904297, 21.354845047, 7.04019641876, 2.40069150925, 0.969051539898, 0.0750028043985, 0.00216204253957, 1.49728775796e-05, 6.85476493345e-08, 2.39837427696e-10],
        "dvar2": [0.392458260059, 16.0945510864, 24.8333435059, 17.52942276, 38.7638282776, 590.567199707, 1920.80859375, 1831.47937012, 346.135040283, 227.710128784, 1418.5579834, 6127.21630859, 2722.54858398, 5337.54101562, 8139.22607422, 2508.13769531, 2710.01196289, 2509.45166016, 1026.01611328, 1222.62915039, 397.585510254, 144.402908325, 142.242294312, 202.316040039, 1249.65527344, 158.585159302, 601.891662598, 21.4309558868, 36.1568336487, 70.4035263062, 56.0530281067, 46.0832824707, 14.2685375214, 4.38976287842, 1.94196546078, 0.158764049411, 0.00482432032004, 3.09764945996e-05, 1.38815352102e-07, 5.60167801034e-10],
        "max": [13.0935611725, 37.9496612549, 50.4519081116, 84.1250076294, 100.187385559, 526.646240234, 599.575439453, 544.986022949, 297.945831299, 437.0519104, 829.498291016, 1420.79211426, 1063.54223633, 1830.9263916, 1807.60400391, 2003.69262695, 1772.1348877, 1237.95629883, 530.75604248, 635.198059082, 506.075195312, 368.092651367, 339.92288208, 338.862854004, 1324.97216797, 230.532608032, 959.594970703, 109.091827393, 397.636047363, 515.249816895, 209.049697876, 135.517974854, 75.4992523193, 58.5018997192, 35.0741615295, 11.9755897522, 1.86900699139, 0.182861730456, 0.016457170248, 0.000438098650193],
        "mean": [0.574574172497, 3.71268868446, 3.77347254753, 2.59570837021, 5.23840045929, 18.4721488953, 41.0663299561, 38.2657966614, 14.1003751755, 15.3039588928, 34.6075057983, 64.6257324219, 34.5379257202, 63.9848937988, 66.6900634766, 33.5947151184, 32.4227790833, 29.6010684967, 24.535774231, 17.8539333344, 10.8809747696, 7.60019159317, 10.170841217, 12.1084270477, 8.01129245758, 8.77743053436, 10.5481958389, 4.04881381989, 2.02637791634, 1.79556119442, 1.87210905552, 2.30253362656, 1.8394061327, 1.24996781349, 0.727271616459, 0.134549453855, 0.0176624823362, 0.00174250651617, 0.000124202822917, 5.41863591934e-05],
        "median": [0.122899718583, 1.07702827454, 2.01949739456, 1.44883775711, 2.43479752541, 7.29584598541, 19.2097015381, 16.2043952942, 7.24309921265, 7.50243711472, 14.9305896759, 18.380109787, 17.3360366821, 18.2942581177, 16.7143306732, 11.0460567474, 8.78972244263, 10.9498004913, 8.58623123169, 5.99498176575, 3.58209037781, 2.86803221703, 3.90628004074, 4.25161647797, 2.90462303162, 3.12251734734, 3.09290266037, 1.55708432198, 0.833857297897, 0.294522762299, 0.278433680534, 0.38654384017, 0.535670399666, 0.419523477554, 0.200032770634, 0.041330948472, 0.00426141731441, 0.000408467429224, 4.88146979478e-05, 4.67433128506e-05],
        "min": [7.0402756078e-23, 2.68265921176e-22, 1.71186926083e-21, 2.77107948781e-21, 6.88199163904e-21, 1.10072835255e-20, 3.28744484454e-20, 6.83953966372e-20, 8.29043836883e-20, 1.27784295669e-19, 2.30852486333e-19, 3.62272563911e-19, 3.23663391832e-19, 6.54286733037e-19, 7.35138519734e-19, 9.36336917149e-19, 1.23038153034e-18, 1.4966260507e-18, 2.45850010131e-18, 2.57139350452e-18, 2.72695888078e-18, 3.36081146095e-18, 5.37930400235e-18, 4.93704899272e-18, 6.06477616827e-18, 6.41931363702e-18, 8.77506446457e-18, 9.00223886646e-18, 1.07506472185e-17, 9.72028457771e-18, 8.96318601538e-18, 1.03537171569e-17, 9.85757339834e-18, 7.92487830482e-18, 5.3830780139e-18, 3.6729395865e-18, 2.34874957084e-18, 8.16782435265e-19, 2.39772957155e-19, 2.38909568004e-20],
        "stdev": [1.00598275661, 5.0983376503, 4.99664735794, 3.77578687668, 8.51675224304, 34.5948562622, 57.8004074097, 59.9051933289, 19.7841854095, 23.8819255829, 58.9043312073, 121.507423401, 62.0121498108, 122.075523376, 146.287963867, 81.0344696045, 76.736366272, 55.0095214844, 45.641330719, 40.7276000977, 26.8650398254, 19.1139431, 19.8952064514, 20.4735450745, 21.4881629944, 15.7486820221, 20.9209690094, 7.25378513336, 8.28629016876, 12.2819461823, 8.60927391052, 7.40439081192, 4.30459260941, 2.72166085243, 1.58459031582, 0.404248386621, 0.0698522627354, 0.00662187486887, 0.000461843679659, 4.36467817053e-05],
        "var": [1.01200139523, 25.9930477142, 24.9664840698, 14.2565670013, 72.5350646973, 1196.80395508, 3340.88720703, 3588.63232422, 391.413970947, 570.346374512, 3469.72045898, 14764.0537109, 3845.50683594, 14902.4335938, 21400.1679688, 6566.58496094, 5888.46972656, 3026.04760742, 2083.13110352, 1658.73754883, 721.73034668, 365.342834473, 395.819213867, 419.166015625, 461.741149902, 248.020980835, 437.686981201, 52.6173973083, 68.6625976562, 150.846206665, 74.1195907593, 54.8250007629, 18.5295181274, 7.40743780136, 2.51092648506, 0.16341675818, 0.0048793386668, 4.384922795e-05, 2.13299585994e-07, 1.90504145792e-09]
    },
    "gfcc": {
        "mean": [-52.0298156738, 113.580299377, -100.494987488, 24.163734436, -55.8847465515, 20.4502925873, -32.5656013489, 15.2189807892, -30.1346931458, 7.72180175781, -7.33526515961, -3.70394778252, 5.69471502304],
        "cov": [[56128.7851562, 2902.59155273, -4571.43896484, 1234.06787109, -2618.07348633, 1256.47009277, -1231.13793945, 1214.87426758, -1234.0748291, 813.531433105, 44.0045776367, -183.803695679, 455.347320557], [2902.59155273, 1580.45629883, -174.466217041, -8.55982017517, 143.548980713, -78.9686431885, 63.0258369446, -103.668655396, -2.77701282501, -132.026916504, 82.2851791382, -93.1183776855, 54.1819648743], [-4571.43896484, -174.466217041, 877.430419922, -27.0786762238, 243.357009888, -75.8519210815, 48.4742202759, -64.5878677368, 205.352752686, -72.8418197632, -19.5882530212, 60.9855918884, -50.1238365173], [1234.06787109, -8.55982017517, -27.0786762238, 299.510559082, -15.3803930283, 5.19295406342, -45.3654518127, 48.3438835144, 62.8273010254, 14.0676364899, -10.9169712067, 0.535807013512, 9.64420413971], [-2618.07348633, 143.548980713, 243.357009888, -15.3803930283, 348.373321533, -78.0599136353, 111.30015564, -37.4401054382, 99.1363067627, -51.2253646851, 26.2445640564, -6.83701753616, 3.47046875954], [1256.47009277, -78.9686431885, -75.8519210815, 5.19295406342, -78.0599136353, 214.572113037, 54.3809547424, 41.9782676697, -29.8599338531, 40.5013504028, 51.0478057861, -1.75346958637, -22.1109237671], [-1231.13793945, 63.0258369446, 48.4742202759, -45.3654518127, 111.30015564, 54.3809547424, 240.504425049, -16.5594215393, 28.3456840515, -13.9439020157, 88.0601501465, -12.73416996, -25.0340309143], [1214.87426758, -103.668655396, -64.5878677368, 48.3438835144, -37.4401054382, 41.9782676697, -16.5594215393, 184.410720825, 25.6545524597, 66.9510879517, 26.0294704437, 4.03487062454, 39.12134552], [-1234.0748291, -2.77701282501, 205.352752686, 62.8273010254, 99.1363067627, -29.8599338531, 28.3456840515, 25.6545524597, 239.524505615, -0.861043334007, 26.3657588959, 35.8435783386, -27.08943367], [813.531433105, -132.026916504, -72.8418197632, 14.0676364899, -51.2253646851, 40.5013504028, -13.9439020157, 66.9510879517, -0.861043334007, 128.061782837, 25.0070915222, 4.3136138916, 27.1150836945], [44.0045776367, 82.2851791382, -19.5882530212, -10.9169712067, 26.2445640564, 51.0478057861, 88.0601501465, 26.0294704437, 26.3657588959, 25.0070915222, 187.018844604, 1.71633923054, 14.4500083923], [-183.803695679, -93.1183776855, 60.9855918884, 0.535807013512, -6.83701753616, -1.75346958637, -12.73416996, 4.03487062454, 35.8435783386, 4.3136138916, 1.71633923054, 104.033996582, -15.8824481964], [455.347320557, 54.1819648743, -50.1238365173, 9.64420413971, 3.47046875954, -22.1109237671, -25.0340309143, 39.12134552, -27.08943367, 27.1150836945, 14.4500083923, -15.8824481964, 115.716049194]],
        "icov": [[0.000163058401085, -0.000486557430122, 0.000337604724336, -0.000485733296955, 0.000579641375225, -0.000657087541185, 0.000500946654938, -0.00071881164331, 0.000414968992118, -0.000461780931801, 0.000141691532917, -0.000333968986524, 0.000123171805171], [-0.000486557430122, 0.00233283406124, -0.000642743660137, 0.00145504332613, -0.00203564716503, 0.00204511056654, -0.00140584877227, 0.00255693262443, -0.00154295691755, 0.00231808749959, -0.000899842008948, 0.00154402898625, -0.000874230405316], [0.000337604724336, -0.000642743660137, 0.00265040504746, -0.000659176672343, 0.000138998846523, -0.00149020319805, 0.00129511510022, -0.000950195128098, -0.00051883404376, -0.000154298948473, 0.00044169719331, -0.00114275712986, 0.000190662496607], [-0.000485733296955, 0.00145504332613, -0.000659176672343, 0.00536919711158, -0.00176152982749, 0.00153184588999, -0.000670518260449, 0.00151766417548, -0.0027453515213, 0.00166658498347, -0.000146365535329, 0.00135282415431, -0.000644813699182], [0.000579641375225, -0.00203564716503, 0.000138998846523, -0.00176152982749, 0.00735820503905, -0.000633183924947, -0.000741085386835, -0.00249960669316, 0.000490011647344, -0.00112000363879, 0.000637940247543, -0.000610248709563, -0.000563927867915], [-0.000657087541185, 0.00204511056654, -0.00149020319805, 0.00153184588999, -0.000633183924947, 0.00953976716846, -0.00408118031919, 0.00164413929451, -0.000600767903961, 0.000688823638484, -0.00176224298775, 0.0015098185977, 0.00138321390841], [0.000500946654938, -0.00140584877227, 0.00129511510022, -0.000670518260449, -0.000741085386835, -0.00408118031919, 0.00863431021571, -0.00178999290802, 0.00104969146196, -0.000881272426341, -0.00216309074312, -0.000146834805491, 0.00172160519287], [-0.00071881164331, 0.00255693262443, -0.000950195128098, 0.00151766417548, -0.00249960669316, 0.00164413929451, -0.00178999290802, 0.0111742289737, -0.00346948811784, -0.000281591317616, -0.00102567998692, 0.00153094995767, -0.00309069408104], [0.000414968992118, -0.00154295691755, -0.00051883404376, -0.0027453515213, 0.000490011647344, -0.000600767903961, 0.00104969146196, -0.00346948811784, 0.00812372658402, -0.00219538109377, -0.000574990874156, -0.00235686637461, 0.00252870772965], [-0.000461780931801, 0.00231808749959, -0.000154298948473, 0.00166658498347, -0.00112000363879, 0.000688823638484, -0.000881272426341, -0.000281591317616, -0.00219538109377, 0.0130783002824, -0.00165175856091, 0.00102081068326, -0.00263639166951], [0.000141691532917, -0.000899842008948, 0.00044169719331, -0.000146365535329, 0.000637940247543, -0.00176224298775, -0.00216309074312, -0.00102567998692, -0.000574990874156, -0.00165175856091, 0.00770995486528, -0.00108027411625, -0.0012683729874], [-0.000333968986524, 0.00154402898625, -0.00114275712986, 0.00135282415431, -0.000610248709563, 0.0015098185977, -0.000146834805491, 0.00153094995767, -0.00235686637461, 0.00102081068326, -0.00108027411625, 0.0118717141449, 0.000714300491381], [0.000123171805171, -0.000874230405316, 0.000190662496607, -0.000644813699182, -0.000563927867915, 0.00138321390841, 0.00172160519287, -0.00309069408104, 0.00252870772965, -0.00263639166951, -0.0012683729874, 0.000714300491381, 0.0118675772101]]
    },
    "melbands": {
        "dmean": [0.00193516234867, 0.00105380103923, 0.000190835649846, 0.000291892443784, 0.000547268777154, 0.000324539636495, 8.22479851195e-05, 6.9379049819e-05, 0.000136716364068, 0.000152684791829, 7.58829337428e-05, 0.000101214478491, 0.000117214971397, 4.71737403132e-05, 3.47427376255e-05, 2.96975686069e-05, 2.67935447482e-05, 2.02638129849e-05, 1.36067137646e-05, 9.40952941164e-06, 6.59979150441e-06, 3.81064637622e-06, 3.02897137772e-06, 5.60922308068e-06, 4.16956436311e-06, 3.35214326697e-06, 1.97516237677e-06, 2.55935060522e-06, 2.95184167953e-06, 1.62270077908e-06, 7.33986894375e-07, 5.50762536022e-07, 5.59846455417e-07, 6.4339826622e-07, 6.08160689808e-07, 7.71457393967e-07, 7.46129103391e-07, 6.3318299226e-07, 5.69286783048e-07, 4.66498818241e-07],
        "dmean2": [0.0029543787241, 0.00175824586768, 0.000316313584335, 0.000449680519523, 0.000825470953714, 0.000489207333885, 0.000126318336697, 9.16683275136e-05, 0.000194454740267, 0.000221473383135, 0.000109812957817, 0.000144447287312, 0.000168073427631, 6.90504675731e-05, 4.90709098813e-05, 4.25149701186e-05, 3.88421758544e-05, 2.90298648906e-05, 1.9968205379e-05, 1.39882913572e-05, 9.60343368206e-06, 5.44951126358e-06, 4.60779574496e-06, 8.3616714619e-06, 5.96388463237e-06, 5.06756896357e-06, 3.03645379063e-06, 3.75276749764e-06, 4.20612514063e-06, 2.34016556533e-06, 1.07000334992e-06, 8.20321588435e-07, 8.22558661184e-07, 9.49907416725e-07, 8.81920527718e-07, 1.13662440526e-06, 1.10377607143e-06, 9.33181070195e-07, 8.08471668279e-07, 6.80229163663e-07],
        "dvar": [1.31935994432e-05, 3.32158788297e-06, 1.82194611398e-07, 3.65340866892e-07, 8.56948133787e-07, 3.45863213624e-07, 2.53751544221e-08, 1.410006778e-08, 6.16552782162e-08, 1.15376266763e-07, 3.39498242852e-08, 4.718619806e-08, 7.97397419205e-08, 1.86014457171e-08, 8.30418045439e-09, 4.9740305208e-09, 4.35811609023e-09, 2.04834815776e-09, 1.38225331181e-09, 7.63915541935e-10, 4.16038981044e-10, 1.67304711751e-10, 5.06627760577e-11, 1.56471308133e-10, 8.93129251112e-11, 3.1401883871e-10, 1.06235388542e-10, 4.24905943763e-11, 1.10144872389e-10, 2.79729052421e-11, 2.54070310797e-12, 5.43942928893e-12, 1.30659892628e-11, 1.5261712033e-11, 9.99911785315e-12, 1.91541400796e-11, 8.63661312606e-12, 4.5690829592e-12, 2.56639349529e-12, 1.89837381925e-12],
        "dvar2": [2.74313370028e-05, 9.72896486928e-06, 4.59137538655e-07, 8.38435198602e-07, 1.83691622624e-06, 8.06274385923e-07, 6.82803502627e-08, 2.52669583034e-08, 1.14198023482e-07, 2.51675430718e-07, 7.45210897435e-08, 9.698823078e-08, 1.62513018154e-07, 3.69463712957e-08, 1.41972904544e-08, 9.27610610546e-09, 9.04472585717e-09, 3.92155641293e-09, 2.8535585006e-09, 1.59940150013e-09, 8.16366307888e-10, 2.95919844184e-10, 1.02861288931e-10, 3.09621439598e-10, 1.7878934444e-10, 8.0097301014e-10, 2.83516987665e-10, 9.2562561782e-11, 2.765862539e-10, 6.62516846939e-11, 5.23339748273e-12, 1.12426595811e-11, 1.8722476694e-11, 3.07200480332e-11, 2.00914129084e-11, 4.35985726688e-11, 1.92285406347e-11, 9.73138323396e-12, 5.00255219194e-12, 3.69470122899e-12],
        "max": [0.0900524333119, 0.0260962955654, 0.0134405102581, 0.0171127393842, 0.0181209426373, 0.0108583597466, 0.00440631993115, 0.0046621193178, 0.00645378930494, 0.0090618878603, 0.00531875854358, 0.00811562594026, 0.00809347815812, 0.00538314413279, 0.00463297171518, 0.00252345390618, 0.00216443813406, 0.000962419610005, 0.00132919009775, 0.000724434503354, 0.000624029198661, 0.000478602742078, 0.000229607438087, 0.000490537669975, 0.000329269998474, 0.00098078919109, 0.00052743870765, 0.00016030795814, 0.000620988255832, 0.000268554518698, 4.49423787359e-05, 0.000192570048966, 0.000342929066392, 0.000256434548646, 0.000106443148979, 0.000147947386722, 8.10596466181e-05, 6.61254671286e-05, 4.58693502878e-05, 5.68460563954e-05],
        "mean": [0.00510168727487, 0.00293353619054, 0.000504495867062, 0.000795605883468, 0.00136361946352, 0.000880110717844, 0.000203101910301, 0.000165107601788, 0.000336917262757, 0.000385220861062, 0.000165864097653, 0.000254342303379, 0.000282038934529, 9.66184161371e-05, 7.57595043979e-05, 6.39532227069e-05, 5.4376283515e-05, 4.33487875853e-05, 2.70694145001e-05, 1.63189961313e-05, 1.29500067487e-05, 8.01734313427e-06, 6.7972036959e-06, 1.18936086437e-05, 9.58570399234e-06, 7.17990042176e-06, 4.06410526921e-06, 6.37802895653e-06, 7.68272911955e-06, 4.02012028644e-06, 1.81118377895e-06, 1.13896271614e-06, 9.80125264505e-07, 1.01409989384e-06, 9.9982150914e-07, 1.27578221054e-06, 1.459819714e-06, 1.27676730699e-06, 1.21450477764e-06, 9.96234462036e-07],
        "median": [0.0013062255457, 0.00135012553073, 0.000295737292618, 0.000356333097443, 0.000699848460499, 0.000384569138987, 0.000103251964902, 7.89496843936e-05, 0.000130631728098, 0.000104114405985, 6.70127410558e-05, 6.49277353659e-05, 5.6556204072e-05, 2.17422057176e-05, 1.95280081243e-05, 1.91242525034e-05, 1.87111727428e-05, 1.31842416522e-05, 7.95531013864e-06, 5.36670449947e-06, 3.74408773496e-06, 2.69154884336e-06, 2.41941006607e-06, 3.71536680177e-06, 2.88799310511e-06, 2.31088415603e-06, 1.45192620948e-06, 1.94877929971e-06, 2.03171293833e-06, 1.08363565232e-06, 6.75385649629e-07, 4.52292738373e-07, 2.30839816595e-07, 1.03427609588e-07, 1.38901825153e-07, 1.70094210716e-07, 2.32281706758e-07, 2.9189527595e-07, 3.67032441773e-07, 3.04874703261e-07],
        "min": [6.88372844886e-25, 8.66374180553e-25, 7.03770867414e-25, 7.09276870013e-25, 1.29075561097e-24, 1.74892987042e-24, 9.10550391245e-25, 9.29560361339e-25, 1.78338968135e-24, 1.74177943796e-24, 1.49669080712e-24, 2.69751065426e-24, 1.56927656141e-24, 2.45405989587e-24, 2.58453768681e-24, 2.05646611103e-24, 2.34586427006e-24, 3.24272930511e-24, 2.09939966858e-24, 2.37452260067e-24, 3.17615536117e-24, 3.41761089311e-24, 3.28898929188e-24, 2.90912318374e-24, 3.32298505538e-24, 4.03410056295e-24, 3.35645602916e-24, 3.19553668753e-24, 4.09640874155e-24, 4.54415554173e-24, 4.22215908629e-24, 4.92670141037e-24, 5.65033180177e-24, 4.58286573521e-24, 4.53443007006e-24, 5.0921657741e-24, 6.24592257407e-24, 5.92224742263e-24, 5.42098903181e-24, 5.68479752915e-24],
        "stdev": [0.00767667405307, 0.00366654968821, 0.000701024313457, 0.0013365552295, 0.00178151275031, 0.00131691782735, 0.00028796447441, 0.000243258327828, 0.000550095865037, 0.000736921676435, 0.000323776650475, 0.000513737497386, 0.000676908355672, 0.000284029403701, 0.000189945974853, 0.000131012362544, 0.000102643389255, 8.39140702737e-05, 7.81159105827e-05, 4.09057174693e-05, 3.60742815246e-05, 2.38979373535e-05, 1.40894389915e-05, 2.46390300163e-05, 1.80824790732e-05, 1.95094507944e-05, 1.13524502012e-05, 1.19145788631e-05, 1.50429887071e-05, 8.67867038323e-06, 3.3042922496e-06, 3.90847799281e-06, 7.54333495934e-06, 6.70464896757e-06, 4.76783179693e-06, 6.03097032581e-06, 4.38298411609e-06, 3.27612565343e-06, 2.74275612355e-06, 2.26679344451e-06],
        "var": [5.89313240198e-05, 1.34435858854e-05, 4.91435116601e-07, 1.78637981207e-06, 3.17378771797e-06, 1.73427270056e-06, 8.29235347055e-08, 5.91746136536e-08, 3.02605485558e-07, 5.43053545243e-07, 1.04831315184e-07, 2.63926239086e-07, 4.58204937104e-07, 8.06727058489e-08, 3.60794736309e-08, 1.71642398072e-08, 1.05356656732e-08, 7.04157088194e-09, 6.10209527352e-09, 1.67327762757e-09, 1.3013538025e-09, 5.71111435921e-10, 1.9851228994e-10, 6.07081829251e-10, 3.26976029585e-10, 3.80618703222e-10, 1.2887813039e-10, 1.41957195998e-10, 2.26291513306e-10, 7.53193202252e-11, 1.09183469557e-11, 1.52762004435e-11, 5.69018998586e-11, 4.49523196444e-11, 2.27322206198e-11, 3.63726028463e-11, 1.92105498176e-11, 1.07329986912e-11, 7.5227116203e-12, 5.13835285085e-12]
    },
    "melbands128": {
