{
"lowlevel": {
    "average_loudness": 0.765566170216,
    "barkbands_crest": {
        "dmean": 2.99873352051,
        "dmean2": 4.70164966583,
        "dvar": 8.00156402588,
        "dvar2": 19.4892120361,
        "max": 25.8902111053,
        "mean": 11.0133686066,
        "median": 9.99238109589,
        "min": 2.43905591965,
        "stdev": 4.76660490036,
        "var": 22.7205219269
    },
    "barkbands_flatness_db": {
        "dmean": 0.0273437518626,
        "dmean2": 0.0408849418163,
        "dvar": 0.000965815619566,
        "dvar2": 0.0021120980382,
        "max": 0.476293683052,
        "mean": 0.144289761782,
        "median": 0.126219436526,
        "min": 0.0180929787457,
        "stdev": 0.070819221437,
        "var": 0.00501536205411
    },
    "barkbands_kurtosis": {
        "dmean": 7.89071273804,
        "dmean2": 12.3798494339,
        "dvar": 448.372467041,
        "dvar2": 1046.46228027,
        "max": 429.287719727,
        "mean": 10.2348308563,
        "median": 2.16930675507,
        "min": -1.93759143353,
        "stdev": 26.5917758942,
        "var": 707.122497559
    },
    "barkbands_skewness": {
        "dmean": 0.850473940372,
        "dmean2": 1.30927801132,
        "dvar": 1.38372635841,
        "dvar2": 3.18135213852,
        "max": 17.3148956299,
        "mean": 1.97177362442,
        "median": 1.45776867867,
        "min": -6.63032627106,
        "stdev": 1.95779597759,
        "var": 3.83296513557
    },
    "barkbands_spread": {
        "dmean": 5.98325967789,
        "dmean2": 9.38969230652,
        "dvar": 67.3009643555,
        "dvar2": 168.350219727,
        "max": 118.235412598,
        "mean": 20.5075759888,
        "median": 18.6877212524,
        "min": 0.324660807848,
        "stdev": 14.6585206985,
        "var": 214.872238159
    },
    "dissonance": {
        "dmean": 0.0199852064252,
        "dmean2": 0.0337023474276,
        "dvar": 0.000430563435657,
        "dvar2": 0.00117899943143,
        "max": 0.499991327524,
        "mean": 0.46353071928,
        "median": 0.471376270056,
        "min": 0.198626279831,
        "stdev": 0.030171006918,
        "var": 0.000910289702006
    },
    "dynamic_complexity": 8.51343822479,
    "erbbands_crest": {
        "dmean": 3.00596189499,
        "dmean2": 5.04228019714,
        "dvar": 8.58825969696,
        "dvar2": 23.8029670715,
        "max": 33.0501365662,
        "mean": 9.57596302032,
        "median": 8.15052604675,
        "min": 2.21353125572,
        "stdev": 5.07808351517,
        "var": 25.7869338989
    },
    "erbbands_flatness_db": {
        "dmean": 0.0200094934553,
        "dmean2": 0.0308036468923,
        "dvar": 0.00049687968567,
        "dvar2": 0.00137630361132,
        "max": 0.346662998199,
        "mean": 0.147091299295,
        "median": 0.143150806427,
        "min": 0.0385238677263,
        "stdev": 0.0447297878563,
        "var": 0.00200075376779
    },
    "erbbands_kurtosis": {
        "dmean": 1.96749567986,
        "dmean2": 3.47192358971,
        "dvar": 61.5001564026,
        "dvar2": 211.797805786,
        "max": 176.345230103,
        "mean": 1.39470803738,
        "median": 0.270385503769,
        "min": -1.86169934273,
        "stdev": 6.44836139679,
        "var": 41.581363678
    },
    "erbbands_skewness": {
        "dmean": 0.487364947796,
        "dmean2": 0.796970546246,
        "dvar": 0.548008859158,
        "dvar2": 1.76609385014,
        "max": 4.77033281326,
        "mean": 0.281760782003,
        "median": 0.338977634907,
        "min": -11.964963913,
        "stdev": 1.0835570097,
        "var": 1.17409586906
    },
    "erbbands_spread": {
        "dmean": 9.25331783295,
        "dmean2": 14.6465702057,
        "dvar": 133.555404663,
        "dvar2": 346.016998291,
        "max": 166.656951904,
        "mean": 36.7958831787,
        "median": 31.3944168091,
        "min": 1.76792860031,
        "stdev": 21.5409049988,
        "var": 464.0105896
    },
    "hfc": {
        "dmean": 5.38396549225,
        "dmean2": 8.09261322021,
        "dvar": 64.8592071533,
        "dvar2": 148.131637573,
        "max": 154.765625,
        "mean": 18.6610546112,
        "median": 13.43562603,
        "min": 1.11929885031e-16,
        "stdev": 18.8017234802,
        "var": 353.504821777
    },
    "loudness_ebu128": {
        "integrated": -8.92946624756,
        "loudness_range": 8.51144599915,
        "momentary": {
            "dmean": 0.976119816303,
            "dmean2": 1.34588336945,
            "dvar": 2.46216249466,
            "dvar2": 4.57493400574,
            "max": -5.19930410385,
            "mean": -15.2492418289,
            "median": -10.4415149689,
            "min": -100.57283783,
            "stdev": 13.5197639465,
            "var": 182.7840271
        },
        "short_term": {
            "dmean": 0.172281429172,
            "dmean2": 0.18554520607,
            "dvar": 0.365628540516,
            "dvar2": 0.397006809711,
            "max": -5.91956472397,
            "mean": -13.6776838303,
            "median": -9.96924209595,
            "min": -70.1121063232,
            "stdev": 10.497592926,
            "var": 110.199447632
        }
    },
    "melbands_crest": {
        "dmean": 3.78128933907,
        "dmean2": 5.8830704689,
        "dvar": 12.4898376465,
        "dvar2": 29.0471115112,
        "max": 38.8101882935,
        "mean": 16.2263259888,
        "median": 14.9618444443,
        "min": 1.66917204857,
        "stdev": 6.93032407761,
        "var": 48.0293922424
    },
    "melbands_flatness_db": {
        "dmean": 0.0315199717879,
        "dmean2": 0.0461090952158,
        "dvar": 0.00133274041582,
        "dvar2": 0.00267676822841,
        "max": 0.617942810059,
        "mean": 0.227445885539,
        "median": 0.20624370873,
        "min": 0.00242855004035,
        "stdev": 0.0866089016199,
        "var": 0.00750110158697
    },
    "melbands_kurtosis": {
        "dmean": 16.0276451111,
        "dmean2": 23.8440036774,
        "dvar": 1598.48754883,
        "dvar2": 2890.37744141,
        "max": 1285.48510742,
        "mean": 24.3195724487,
        "median": 6.89772510529,
        "min": -1.97709345818,
        "stdev": 59.4043197632,
        "var": 3528.87329102
    },
    "melbands_skewness": {
        "dmean": 1.08519554138,
        "dmean2": 1.62396919727,
        "dvar": 1.85968101025,
        "dvar2": 3.79860806465,
        "max": 29.0565452576,
        "mean": 3.08742570877,
        "median": 2.34840679169,
        "min": -3.11595582962,
        "stdev": 2.60377717018,
        "var": 6.77965497971
    },
    "melbands_spread": {
        "dmean": 7.77074146271,
        "dmean2": 12.6162071228,
        "dvar": 228.553283691,
        "dvar2": 666.102294922,
        "max": 228.647277832,
        "mean": 21.7906188965,
        "median": 18.1458320618,
        "min": 0.161630600691,
        "stdev": 21.8340778351,
        "var": 476.726959229
    },
    "pitch_salience": {
        "dmean": 0.0832838118076,
        "dmean2": 0.132651001215,
        "dvar": 0.00629731081426,
        "dvar2": 0.01477240026,
        "max": 0.908094704151,
        "mean": 0.516471743584,
        "median": 0.536852419376,
        "min": 0.0748358517885,
        "stdev": 0.144758179784,
        "var": 0.0209549292922
    },
    "silence_rate_20dB": {
        "dmean": 0,
        "dmean2": 0,
        "dvar": 0,
        "dvar2": 0,
        "max": 1,
        "mean": 1,
        "median": 1,
        "min": 1,
        "stdev": 0,
        "var": 0
    },
    "silence_rate_30dB": {
        "dmean": 0.0660771280527,
        "dmean2": 0.132170498371,
        "dvar": 0.0617096088827,
        "dvar2": 0.118869125843,
        "max": 1,
        "mean": 0.918089151382,
        "median": 1,
        "min": 0,
        "stdev": 0.274233877659,
        "var": 0.0752042159438
    },
    "silence_rate_60dB": {
        "dmean": 0.0208793915808,
        "dmean2": 0.0417639128864,
        "dvar": 0.0204473361373,
        "dvar2": 0.0451748371124,
        "max": 1,
        "mean": 0.209750711918,
        "median": 0,
        "min": 0,
        "stdev": 0.407143384218,
        "var": 0.165765732527
    },
    "spectral_centroid": {
        "dmean": 262.480285645,
        "dmean2": 417.138244629,
        "dvar": 134408.90625,
        "dvar2": 320894.21875,
        "max": 10993.5146484,
        "mean": 1225.70227051,
        "median": 1117.3145752,
        "min": 121.216751099,
        "stdev": 767.830932617,
        "var": 589564.3125
    },
    "spectral_complexity": {
        "dmean": 2.73372626305,
        "dmean2": 4.18474388123,
        "dvar": 10.3122272491,
        "dvar2": 21.7091999054,
        "max": 57,
        "mean": 17.3343982697,
        "median": 17,
        "min": 0,
        "stdev": 13.286154747,
        "var": 176.521896362
    },
    "spectral_decrease": {
        "dmean": 5.31228705469e-09,
        "dmean2": 8.25835311247e-09,
        "dvar": 1.45353950713e-16,
        "dvar2": 3.54707884506e-16,
        "max": 2.07460355089e-28,
        "mean": -1.04115578381e-08,
        "median": -6.99320779063e-09,
        "min": -9.83865930948e-08,
        "stdev": 1.38451285991e-08,
        "var": 1.91687592605e-16
    },
    "spectral_energy": {
        "dmean": 0.0204159542918,
        "dmean2": 0.0317153781652,
        "dvar": 0.00209909770638,
        "dvar2": 0.00512465275824,
        "max": 0.375901788473,
        "mean": 0.040988214314,
        "median": 0.0280092190951,
        "min": 1.03986991223e-20,
        "stdev": 0.0531186759472,
        "var": 0.00282159354538
    },
    "spectral_energyband_high": {
        "dmean": 0.000213161765714,
        "dmean2": 0.000297147431411,
        "dvar": 2.37275841641e-07,
        "dvar2": 5.02525210777e-07,
        "max": 0.0110589815304,
        "mean": 0.000497537257615,
        "median": 0.000232128382777,
        "min": 7.70500484459e-21,
        "stdev": 0.000761951028835,
        "var": 5.8056934904e-07
    },
    "spectral_energyband_low": {
        "dmean": 0.018038969487,
        "dmean2": 0.02803026326,
        "dvar": 0.00213212845847,
        "dvar2": 0.00519994040951,
        "max": 0.351214170456,
        "mean": 0.0250651314855,
        "median": 0.00847441703081,
        "min": 4.36095719042e-23,
        "stdev": 0.0491866357625,
        "var": 0.00241932529025
    },
    "spectral_energyband_middle_high": {
        "dmean": 0.00214280071668,
        "dmean2": 0.00339341745712,
        "dvar": 1.31329279611e-05,
        "dvar2": 3.46371634805e-05,
        "max": 0.0642795935273,
        "mean": 0.00634977919981,
        "median": 0.00356074771844,
        "min": 1.13683676538e-21,
        "stdev": 0.00772736547515,
        "var": 5.97121797909e-05
    },
    "spectral_energyband_middle_low": {
        "dmean": 0.00476715154946,
        "dmean2": 0.00797242112458,
        "dvar": 6.88487052685e-05,
        "dvar2": 0.000185288183275,
        "max": 0.11286958307,
        "mean": 0.0104546723887,
        "median": 0.00823727063835,
        "min": 2.27752498952e-22,
        "stdev": 0.0109779462218,
        "var": 0.000120515302115
    },
    "spectral_entropy": {
        "dmean": 0.186563894153,
        "dmean2": 0.288285791874,
        "dvar": 0.0464379675686,
        "dvar2": 0.114523939788,
        "max": 9.79400157928,
        "mean": 7.51825428009,
        "median": 7.60036087036,
        "min": 4.87958955765,
        "stdev": 0.453737914562,
        "var": 0.205878093839
    },
    "spectral_flux": {
        "dmean": 0.035973098129,
        "dmean2": 0.0555826239288,
        "dvar": 0.00431873230264,
        "dvar2": 0.00751360366121,
        "max": 0.550963997841,
        "mean": 0.0978883653879,
        "median": 0.0826245397329,
        "min": 6.94568083603e-11,
        "stdev": 0.0963932201266,
        "var": 0.00929165352136
    },
    "spectral_kurtosis": {
        "dmean": 1.5697914362,
        "dmean2": 2.55885529518,
        "dvar": 5.18456506729,
        "dvar2": 12.8359260559,
        "max": 65.2904434204,
        "mean": 5.82093334198,
        "median": 5.05623435974,
        "min": -1.2361741066,
        "stdev": 4.00590324402,
        "var": 16.0472602844
    },
    "spectral_rms": {
        "dmean": 0.00115556514356,
        "dmean2": 0.00170520914253,
        "dvar": 3.98837255489e-06,
        "dvar2": 8.82978656591e-06,
        "max": 0.0191502850503,
        "mean": 0.00514845829457,
        "median": 0.00522743398324,
        "min": 3.18513292998e-12,
        "stdev": 0.00367179256864,
        "var": 1.34820611493e-05
    },
    "spectral_rolloff": {
        "dmean": 438.610168457,
        "dmean2": 752.90838623,
        "dvar": 1046244.3125,
        "dvar2": 2442626.5,
        "max": 19315.2832031,
        "mean": 1293.44921875,
        "median": 904.39453125,
        "min": 43.06640625,
        "stdev": 1689.65820312,
        "var": 2854945
    },
    "spectral_skewness": {
        "dmean": 0.226542428136,
        "dmean2": 0.355184018612,
        "dvar": 0.0667696669698,
        "dvar2": 0.149221509695,
        "max": 6.78976726532,
        "mean": 1.81703281403,
        "median": 1.7941621542,
        "min": -0.848493814468,
        "stdev": 0.593276023865,
        "var": 0.351976454258
    },
    "spectral_spread": {
        "dmean": 573144.8125,
        "dmean2": 851602.125,
        "dvar": 872946663424,
        "dvar2": 1.62456456397e+12,
        "max": 40641728,
        "mean": 4728014.5,
        "median": 4390324.5,
        "min": 1367623.625,
        "stdev": 1804829.25,
        "var": 3.25740842189e+12
    },
    "spectral_strongpeak": {
        "dmean": 0.400347203016,
        "dmean2": 0.687694072723,
        "dvar": 0.568552911282,
        "dvar2": 1.52830612659,
        "max": 9.20247364044,
        "mean": 0.614314258099,
        "median": 0.301103651524,
        "min": 0,
        "stdev": 0.933090865612,
        "var": 0.870658516884
    },
    "zerocrossingrate": {
        "dmean": 0.0100505454466,
        "dmean2": 0.0116693880409,
        "dvar": 0.000190957653103,
        "dvar2": 0.000222087910515,
        "max": 0.5205078125,
        "mean": 0.054802749306,
        "median": 0.0478515625,
        "min": 0.0009765625,
        "stdev": 0.0438836701214,
        "var": 0.00192577659618
    },
    "barkbands": {
        "dmean": [0.00135051086545, 0.0134235443547, 0.00566913932562, 0.00218849908561, 0.00121596024837, 0.000758623937145, 0.000862950051669, 0.000748316932004, 0.00119439233094, 0.00119260710198, 0.000598968996201, 0.00033327928395, 0.000461238087155, 0.000477298395708, 0.000373879156541, 0.000179967537406, 0.000151304950123, 0.000114721697173, 6.61028025206e-05, 7.89043333498e-05, 5.80636151426e-05, 3.81960853701e-05, 2.71852022706e-05, 3.343665594e-05, 2.97491551464e-05, 2.10435391637e-05, 9.11009647098e-06],
        "dmean2": [0.00203798664734, 0.0208994355053, 0.0105514610186, 0.00386946671642, 0.00201538507827, 0.00126123684458, 0.0014179389691, 0.00120571826119, 0.00194947887212, 0.00199144450016, 0.000970671360847, 0.000547422445379, 0.00076138402801, 0.000803574745078, 0.000623194500804, 0.000293776945909, 0.000254103855696, 0.000185083335964, 0.000104364436993, 0.000122559809824, 9.17077777558e-05, 5.57606108487e-05, 4.08364539908e-05, 4.95612075611e-05, 4.37672097178e-05, 3.06900801661e-05, 1.47121172631e-05],
        "dvar": [1.02118792711e-05, 0.00138084054925, 0.000350770191289, 3.82859980164e-05, 3.94839480578e-06, 1.73242756318e-06, 2.66285223915e-06, 2.8482381822e-06, 6.69502423989e-06, 7.78188405093e-06, 2.49331583291e-06, 5.29394469595e-07, 1.08970857582e-06, 1.19221931527e-06, 5.40651228675e-07, 1.65687922049e-07, 1.09306235174e-07, 5.04301524984e-08, 1.71670446747e-08, 2.20733298306e-08, 1.48311505299e-08, 1.05906705627e-08, 6.35817665184e-09, 6.07453554125e-09, 5.51836087936e-09, 4.53970239178e-09, 1.89461712985e-09],
        "dvar2": [1.85105709534e-05, 0.00342613970861, 0.00100931851193, 0.00010337898857, 1.05509334389e-05, 4.5985457291e-06, 7.27045335225e-06, 6.96527467881e-06, 1.68208716786e-05, 2.15918989852e-05, 6.20581931798e-06, 1.36958351504e-06, 2.68038684226e-06, 3.25813675772e-06, 1.46603065332e-06, 4.20137439505e-07, 2.97164461927e-07, 1.29246615188e-07, 4.23443466957e-08, 5.25016758957e-08, 3.52453035646e-08, 2.24460325882e-08, 1.53508974421e-08, 1.35551587732e-08, 1.26262262867e-08, 1.08647579822e-08, 5.1363575615e-09],
        "max": [0.0325402021408, 0.31650185585, 0.173752009869, 0.0997766107321, 0.0299229752272, 0.0252378992736, 0.0248052477837, 0.0437021255493, 0.0748484954238, 0.0547422505915, 0.0581827908754, 0.0235947202891, 0.026413384825, 0.0308600831777, 0.0121035678312, 0.00848949421197, 0.00773380324244, 0.00488700391725, 0.00308662629686, 0.00282381544821, 0.00263461610302, 0.00188194785733, 0.00207922933623, 0.00163962587249, 0.00191152922343, 0.00221782480367, 0.00183500593994],
        "mean": [0.00207120436244, 0.0172630101442, 0.00462757516652, 0.00200291769579, 0.00202489783987, 0.00134938431438, 0.0014072956983, 0.00112006440759, 0.00195655343123, 0.00178339739796, 0.000971191155259, 0.000545170740224, 0.000773354258854, 0.000837822910398, 0.000671344983857, 0.000321662548231, 0.000292941200314, 0.000242992435233, 0.000145581012475, 0.000175280845724, 0.000122610668768, 6.79328222759e-05, 4.98876725032e-05, 6.80813463987e-05, 5.72923781874e-05, 2.95013069262e-05, 9.30966780288e-06],
        "median": [0.000122743163956, 0.00434862449765, 0.000853247009218, 0.000549851218238, 0.00113667722326, 0.000595821067691, 0.00057449756423, 0.000315765821142, 0.000588521244936, 0.000428742147051, 0.000272284116363, 0.000193971995031, 0.000252276164247, 0.000283392611891, 0.000218516390305, 9.60107790888e-05, 8.46904877108e-05, 8.84621986188e-05, 5.02030234202e-05, 5.70133561268e-05, 5.3168823797e-05, 1.93371961359e-05, 1.4997179278e-05, 2.67082814389e-05, 2.51027504419e-05, 8.16989086161e-06, 9.08519666609e-07],
        "min": [2.53833840289e-23, 4.93278313352e-24, 1.17202453084e-23, 1.94994235758e-23, 3.16564169912e-23, 4.24148736176e-23, 8.7050824557e-24, 1.95071670345e-23, 2.31419004533e-23, 6.22843171342e-23, 1.29301015572e-23, 4.04391872577e-23, 6.37633619118e-23, 6.16305723248e-23, 7.2024830804e-23, 1.16437750255e-22, 6.66280818901e-23, 1.33316937624e-22, 1.61575702298e-22, 2.1208284361e-22, 3.26054942841e-22, 3.49413404546e-22, 5.2558972313e-22, 8.77245335426e-22, 9.5893386378e-22, 1.41779786928e-21, 2.22821434194e-21],
        "stdev": [0.0047255307436, 0.0378260724247, 0.0143486708403, 0.00526391714811, 0.00271708634682, 0.00193998287432, 0.0022151437588, 0.00224805576727, 0.00372310075909, 0.00360370776616, 0.00235629407689, 0.000999602954835, 0.00144583615474, 0.00157451804262, 0.00111665565055, 0.00060609227512, 0.000502818322275, 0.000378985394491, 0.000223919952987, 0.000268406380201, 0.000179882612429, 0.000144017089042, 9.94478323264e-05, 0.000114481670607, 9.80783443083e-05, 7.3555704148e-05, 3.75714480469e-05],
        "var": [2.23306396947e-05, 0.00143081182614, 0.00020588436746, 2.77088220173e-05, 7.38255766919e-06, 3.7635334138e-06, 4.90686170451e-06, 5.05375464854e-06, 1.38614796015e-05, 1.29867103169e-05, 5.55212182007e-06, 9.99206008601e-07, 2.09044219446e-06, 2.47910702456e-06, 1.24691973724e-06, 3.67347865904e-07, 2.52826282576e-07, 1.43629918625e-07, 5.01401444808e-08, 7.20419919276e-08, 3.23577538097e-08, 2.07409200925e-08, 9.88987114425e-09, 1.31060522435e-08, 9.6193613075e-09, 5.4104418723e-09, 1.41161371481e-09]
    },
    "erbbands": {
        "dmean": [0.393252164125, 3.21467018127, 6.84943246841, 7.39821338654, 4.91491603851, 4.03541231155, 4.54959726334, 6.71097421646, 10.7553682327, 14.3374614716, 19.0527763367, 25.4665546417, 32.0316772461, 34.1262779236, 19.8345031738, 13.907456398, 19.7339859009, 24.8739204407, 20.8235149384, 13.6426954269, 9.32960987091, 7.04092168808, 6.49604845047, 3.83647584915, 3.21111416817, 3.80297350883, 3.00814318657, 1.82243740559, 1.34109890461, 1.08038663864, 0.825603604317, 0.69982868433, 0.563566982746, 0.385457098484, 0.194113746285, 0.101481601596, 0.035876840353, 0.0104383239523, 0.00180371222086, 7.31455147616e-05],
        "dmean2": [0.573626339436, 5.50197410583, 12.501912117, 13.3129692078, 8.38879585266, 6.63107967377, 7.37082767487, 11.2388372421, 17.6334285736, 23.6712093353, 30.7064876556, 41.4004249573, 52.664680481, 57.0980873108, 31.869260788, 22.8525352478, 32.4309082031, 41.5228042603, 34.5764961243, 22.3883647919, 15.21763134, 11.6417655945, 10.4728574753, 6.04702425003, 5.11551809311, 5.97210168839, 4.72036647797, 2.80423498154, 1.98866891861, 1.57995903492, 1.26059222221, 1.05338466167, 0.84727704525, 0.571253955364, 0.289590597153, 0.148577794433, 0.0522776208818, 0.0161681938916, 0.00292492890731, 0.000116270006401],
        "dvar": [0.94369995594, 100.09349823, 529.469421387, 407.362548828, 104.671943665, 60.0027122498, 77.0364837646, 154.430282593, 452.397247314, 1049.4855957, 1728.0267334, 2942.03540039, 4655.51269531, 8422.46386719, 2985.56518555, 883.976989746, 2156.72607422, 3183.18847656, 1849.7755127, 806.179321289, 425.034973145, 230.203735352, 169.125732422, 59.3519210815, 37.0725784302, 54.8790206909, 40.2943229675, 15.9488420486, 14.3478870392, 9.24392032623, 5.53918600082, 3.00685834885, 1.6615434885, 0.793315708637, 0.297729581594, 0.0821786150336, 0.0123874507844, 0.00347305159084, 6.75134651829e-05, 6.76956091183e-08],
        "dvar2": [1.90956497192, 268.890014648, 1500.93005371, 1126.88024902, 289.15423584, 147.94758606, 199.876953125, 415.110961914, 1195.20153809, 2941.54125977, 4346.19824219, 7464.39746094, 11864.7919922, 24090.53125, 6885.30419922, 2347.8293457, 5336.34814453, 8522.01855469, 5014.91650391, 2129.22851562, 1077.1640625, 626.637268066, 428.707061768, 147.072036743, 92.6676101685, 135.407897949, 94.4401321411, 37.3733329773, 32.9172286987, 20.3274478912, 13.5553598404, 6.90850067139, 3.74900603294, 1.77802228928, 0.714370369911, 0.184854865074, 0.0294372867793, 0.00965802092105, 0.000181003808393, 1.77864080797e-07],
        "max": [8.82755088806, 75.2238082886, 201.996780396, 274.028747559, 163.590515137, 166.225311279, 163.262512207, 278.023651123, 431.155151367, 578.59197998, 1156.75964355, 1155.85559082, 1548.49145508, 1709.72143555, 2487.20776367, 1114.51733398, 1281.50195312, 1819.54284668, 832.457275391, 527.356872559, 500.44732666, 295.286254883, 300.997314453, 167.393218994, 106.930961609, 154.054946899, 166.971313477, 74.83934021, 76.9576187134, 77.44090271, 58.921257019, 31.2745990753, 28.384305954, 24.4666347504, 18.1315288544, 5.17720651627, 3.13836956024, 3.09188175201, 0.317507833242, 0.00932378694415],
        "mean": [0.567711174488, 3.50589394569, 6.11087036133, 6.58877420425, 6.11527824402, 6.84546804428, 7.7277097702, 11.1448545456, 18.1851329803, 22.6921463013, 29.9476394653, 43.0204391479, 53.4352264404, 53.3589515686, 34.8348922729, 24.9492263794, 35.3536758423, 45.2417106628, 39.1124382019, 26.4595108032, 18.840013504, 15.1084003448, 14.0093584061, 8.87197399139, 7.54382562637, 8.34451007843, 6.50589227676, 3.72135043144, 2.36051177979, 1.95454275608, 1.47359418869, 1.32076561451, 1.16666913033, 0.772841691971, 0.328220546246, 0.147876664996, 0.0493866726756, 0.0124061368406, 0.00180597649887, 0.00010088361887],
        "median": [0.12089830637, 0.74952507019, 1.35551321507, 1.92391085625, 3.02520489693, 2.88475942612, 3.26459145546, 4.84876441956, 7.56409978867, 8.41088676453, 11.3877191544, 14.7865829468, 18.2650356293, 14.3758163452, 12.1114664078, 10.0712585449, 12.6377630234, 17.0078601837, 13.7427692413, 9.09671115875, 5.68236732483, 5.08544540405, 5.47904920578, 2.97972273827, 2.72215461731, 2.88526964188, 2.33640050888, 1.72066235542, 0.741632699966, 0.485591262579, 0.440282791853, 0.441379755735, 0.494022399187, 0.336359083652, 0.128129541874, 0.0434754490852, 0.0123469084501, 0.00233162962832, 0.00017473596381, 5.04312811245e-05],
        "min": [4.06562174078e-22, 1.02147465537e-21, 8.04896496098e-21, 3.8314812103e-20, 5.82403329014e-20, 8.56660295609e-20, 3.30672842795e-19, 4.41187998342e-19, 2.2219658406e-19, 2.65094791012e-19, 4.0789255697e-19, 3.9830170796e-19, 1.65318755921e-18, 1.60910462283e-18, 1.52880285954e-18, 1.46837514445e-18, 3.19238880284e-18, 3.16015067924e-18, 3.43937769592e-18, 5.59338827105e-18, 6.76581132381e-18, 4.34080852179e-18, 6.94471477388e-18, 8.96503062814e-18, 8.62391871432e-18, 1.07251047084e-17, 1.52043489367e-17, 9.9358668705e-18, 1.3918389141e-17, 1.57792179557e-17, 1.39875298597e-17, 1.92463636912e-17, 1.44180310464e-17, 9.70773459346e-18, 7.42477152391e-18, 4.18523404655e-18, 2.95614333156e-18, 1.32678684579e-18, 3.22188709746e-19, 2.76810111254e-20],
        "stdev": [1.21121394634, 8.78515815735, 18.0703811646, 16.5962123871, 9.81448173523, 11.998465538, 12.0700845718, 16.9554519653, 28.7523326874, 41.2342758179, 55.1660385132, 77.1203384399, 99.1394805908, 116.75327301, 79.2285308838, 41.6850357056, 64.3727645874, 82.6940917969, 64.7804336548, 45.879196167, 33.7685317993, 24.1060161591, 21.5132865906, 13.8967037201, 11.1739244461, 12.7865076065, 9.90804004669, 5.66596603394, 4.94765043259, 4.12542533875, 2.91172409058, 2.38848209381, 1.9084700346, 1.25768399239, 0.647428810596, 0.335265010595, 0.124426148832, 0.0494921058416, 0.0072024827823, 0.00024067403865],
        "var": [1.46703922749, 77.1790008545, 326.538665771, 275.434295654, 96.3240432739, 143.963180542, 145.686935425, 287.487365723, 826.696655273, 1700.26538086, 3043.29174805, 5947.546875, 9828.63671875, 13631.3271484, 6277.16015625, 1737.64208984, 4143.85302734, 6838.31298828, 4196.50439453, 2104.90063477, 1140.31384277, 581.100036621, 462.821472168, 193.118377686, 124.8565979, 163.494781494, 98.1692657471, 32.1031684875, 24.4792442322, 17.0191326141, 8.4781370163, 5.70484685898, 3.64225792885, 1.58176910877, 0.419164031744, 0.112402632833, 0.0154818659648, 0.00244946870953, 5.18757587997e-05, 5.79239944898e-08]
    },
    "gfcc": {
        "mean": [-60.0819015503, 90.5055160522, -100.442771912, 18.2836284637, -47.9187011719, 14.460565567, -29.7825222015, 9.52077770233, -24.2528572083, 6.08482313156, -17.1147232056, -5.86431884766, -7.15787792206],
        "cov": [[35120.5390625, 1797.54724121, -2341.24584961, 218.385101318, 144.783370972, 1578.60595703, -504.984436035, 1572.15539551, 712.009216309, 416.093383789, 408.658294678, 175.782821655, -68.1585006714], [1797.54724121, 1394.5168457, -158.561981201, 68.5171508789, 314.823150635, 158.459396362, 67.1841125488, 130.206130981, 215.571975708, -24.2578773499, 174.395355225, -6.45025157928, 65.0920944214], [-2341.24584961, -158.561981201, 878.915344238, 247.31211853, 170.094787598, -58.3916511536, 95.8681945801, -96.242149353, -9.77742671967, -10.8193225861, -24.0135421753, 27.0589847565, 3.61231422424], [218.385101318, 68.5171508789, 247.31211853, 523.737915039, 174.670547485, 58.1057319641, 91.5749893188, 30.0584774017, 93.2771148682, 57.6717338562, 30.7392616272, 28.8584728241, 47.1539382935], [144.783370972, 314.823150635, 170.094787598, 174.670547485, 340.265930176, 115.010040283, 100.27003479, 79.4500656128, 137.129470825, 23.6490764618, 86.9103622437, 39.6121253967, 36.6726531982], [1578.60595703, 158.459396362, -58.3916511536, 58.1057319641, 115.010040283, 290.807067871, 76.7067337036, 132.404830933, 110.926765442, 41.0812950134, 68.7164459229, 37.6436767578, -1.39210605621], [-504.984436035, 67.1841125488, 95.8681945801, 91.5749893188, 100.27003479, 76.7067337036, 240.795837402, 36.6911010742, 41.4887924194, 42.9630012512, 50.0700836182, 8.27650547028, 29.0024223328], [1572.15539551, 130.206130981, -96.242149353, 30.0584774017, 79.4500656128, 132.404830933, 36.6911010742, 228.6197052, 125.848876953, 59.1310348511, 79.4776000977, 41.5942077637, 25.1273365021], [712.009216309, 215.571975708, -9.77742671967, 93.2771148682, 137.129470825, 110.926765442, 41.4887924194, 125.848876953, 217.224090576, 53.0877342224, 85.3394317627, 57.2706375122, 30.0257644653], [416.093383789, -24.2578773499, -10.8193225861, 57.6717338562, 23.6490764618, 41.0812950134, 42.9630012512, 59.1310348511, 53.0877342224, 108.771621704, 47.1599998474, 22.0352420807, 15.9810256958], [408.658294678, 174.395355225, -24.0135421753, 30.7392616272, 86.9103622437, 68.7164459229, 50.0700836182, 79.4776000977, 85.3394317627, 47.1599998474, 135.306533813, 52.2551040649, 20.9691562653], [175.782821655, -6.45025157928, 27.0589847565, 28.8584728241, 39.6121253967, 37.6436767578, 8.27650547028, 41.5942077637, 57.2706375122, 22.0352420807, 52.2551040649, 100.152206421, 15.9937067032], [-68.1585006714, 65.0920944214, 3.61231422424, 47.1539382935, 36.6726531982, -1.39210605621, 29.0024223328, 25.1273365021, 30.0257644653, 15.9810256958, 20.9691562653, 15.9937067032, 86.4672775269]],
        "icov": [[7.1140959335e-05, -8.21845605969e-05, 0.000110533153929, -0.000109586530016, 6.20866048848e-05, -0.000277366692899, 0.000253186706686, -0.000375138159143, 0.000161974909133, -0.000164378419868, 0.000119716685731, -5.21356960235e-05, 0.000121129902254], [-8.21845605969e-05, 0.00141559413169, 0.000208128913073, 0.000149958650582, -0.000992666580714, 0.000206530050491, -0.000158991402714, 0.000651012232993, -0.000984979677014, 0.00144581613131, -0.00169061683118, 0.00143483141437, -0.000713017652743], [0.000110533153929, 0.000208128913073, 0.00195840140805, -0.000738655333407, -0.00111218332313, 0.000102886478999, -0.000137703420478, 5.25949180883e-05, 0.00035611182102, 9.33277406148e-05, 0.000511076534167, -0.000695893540978, 0.000619581784122], [-0.000109586530016, 0.000149958650582, -0.000738655333407, 0.00295766722411, -0.000982329016551, 0.000207695920835, -0.000553910213057, 0.000921092869248, -0.000849318981636, -0.00101653160527, 0.000536438834388, 0.000130469823489, -0.00111467135139], [6.20866048848e-05, -0.000992666580714, -0.00111218332313, -0.000982329016551, 0.006541531533, -0.00122843368445, -0.000626363616902, -0.000564794579986, -0.00161689904053, 0.000881227664649, -0.00110275612678, -6.44549509161e-05, -0.000363633793313], [-0.000277366692899, 0.000206530050491, 0.000102886478999, 0.000207695920835, -0.00122843368445, 0.00681904377416, -0.00232755229808, -0.000772118510213, -0.0013241948327, 0.000669809291139, -0.000200879730983, -0.000701906043105, 0.00165876699612], [0.000253186706686, -0.000158991402714, -0.000137703420478, -0.000553910213057, -0.000626363616902, -0.00232755229808, 0.00661247968674, -0.00100327108521, 0.00120563653763, -0.00197158008814, -0.00111316714901, 0.00123318110127, -0.00108352024108], [-0.000375138159143, 0.000651012232993, 5.25949180883e-05, 0.000921092869248, -0.000564794579986, -0.000772118510213, -0.00100327108521, 0.0104198949412, -0.00371049391106, -0.000825835275464, -0.00214024819434, 0.000408586696722, -0.00187012401875], [0.000161974909133, -0.000984979677014, 0.00035611182102, -0.000849318981636, -0.00161689904053, -0.0013241948327, 0.00120563653763, -0.00371049391106, 0.0104763768613, -0.00241510011256, -0.000125776045024, -0.00302299391478, 5.38764870726e-05], [-0.000164378419868, 0.00144581613131, 9.33277406148e-05, -0.00101653160527, 0.000881227664649, 0.000669809291139, -0.00197158008814, -0.000825835275464, -0.00241510011256, 0.0145899318159, -0.00473268283531, 0.0013697410468, -0.00109272834379], [0.000119716685731, -0.00169061683118, 0.000511076534167, 0.000536438834388, -0.00110275612678, -0.000200879730983, -0.00111316714901, -0.00214024819434, -0.000125776045024, -0.00473268283531, 0.0157058853656, -0.00632720673457, 0.000792839913629], [-5.21356960235e-05, 0.00143483141437, -0.000695893540978, 0.000130469823489, -6.44549509161e-05, -0.000701906043105, 0.00123318110127, 0.000408586696722, -0.00302299391478, 0.0013697410468, -0.00632720673457, 0.0154167776927, -0.00220026331954], [0.000121129902254, -0.000713017652743, 0.000619581784122, -0.00111467135139, -0.000363633793313, 0.00165876699612, -0.00108352024108, -0.00187012401875, 5.38764870726e-05, -0.00109272834379, 0.000792839913629, -0.00220026331954, 0.0142650706694]]
    },
    "melbands": {
        "dmean": [0.00349643174559, 0.00361730228178, 0.00116040371358, 0.000290524738375, 0.000159559873282, 0.000152197913849, 0.00016821634199, 0.000147464350448, 0.000166931378772, 0.00016603381664, 0.00016516627511, 0.000147157232277, 8.04449737188e-05, 4.01782344852e-05, 4.15899849031e-05, 4.53019565612e-05, 4.93790757901e-05, 3.60826088581e-05, 2.23120132432e-05, 1.4645623196e-05, 1.20484355648e-05, 8.56584483699e-06, 7.00521422914e-06, 5.73620036448e-06, 3.25889891428e-06, 2.54256110566e-06, 2.46900572165e-06, 2.7580904316e-06, 2.25690087063e-06, 1.51239123625e-06, 9.87969656308e-07, 7.68451116073e-07, 8.28270742659e-07, 5.41860117664e-07, 5.03130820562e-07, 4.38860496388e-07, 4.58487562582e-07, 4.3428610752e-07, 3.994517499e-07, 3.25205689933e-07],
        "dmean2": [0.00516469357535, 0.00637401733547, 0.00207564770244, 0.000485320400912, 0.000258685846347, 0.000253997335676, 0.000275627302472, 0.000241858768277, 0.000270061689662, 0.000269950833172, 0.000270956894383, 0.000246998621151, 0.000130307089421, 6.57073251205e-05, 6.90466331434e-05, 7.38682210795e-05, 8.28273041407e-05, 5.98105507379e-05, 3.70132511307e-05, 2.40745121118e-05, 1.97959980142e-05, 1.43379020301e-05, 1.1523039575e-05, 9.2974942163e-06, 5.21908168594e-06, 4.07896686738e-06, 3.9233887037e-06, 4.41899237558e-06, 3.60045578418e-06, 2.41744123741e-06, 1.5295798903e-06, 1.16395369787e-06, 1.25090525671e-06, 8.13456153992e-07, 7.80205482442e-07, 6.76891431795e-07, 7.00678242538e-07, 6.67701669954e-07, 6.06074536336e-07, 4.9030916216e-07],
        "dvar": [8.08202603366e-05, 0.00013200196554, 9.35592379392e-06, 2.50057581752e-07, 9.03386805362e-08, 7.70755619328e-08, 1.01478043746e-07, 1.07290141216e-07, 1.14230452652e-07, 1.32186485757e-07, 1.21388367802e-07, 1.64311174444e-07, 4.72760994796e-08, 9.05494079717e-09, 8.4910363185e-09, 9.94136328814e-09, 1.32404114339e-08, 5.93695093087e-09, 2.00503325054e-09, 1.03781117033e-09, 7.15712600297e-10, 3.72482211741e-10, 1.89246229798e-10, 1.36034503107e-10, 4.51232107235e-11, 2.7771770994e-11, 2.24728378267e-11, 3.08366665536e-11, 2.31758640057e-11, 1.0744605726e-11, 4.79283539939e-12, 4.948983931e-12, 5.52095305237e-12, 2.80155217601e-12, 2.13263933423e-12, 1.31721901182e-12, 1.23174669249e-12, 1.01203052015e-12, 8.00659126672e-13, 5.55804209081e-13],
        "dvar2": [0.000184353499208, 0.000361030950444, 2.59568278125e-05, 6.76453908e-07, 2.36624416061e-07, 2.06536071801e-07, 2.69198238811e-07, 2.93396823281e-07, 2.92279310088e-07, 3.33207253789e-07, 3.10522693781e-07, 4.69895098831e-07, 1.14834129761e-07, 2.32029719882e-08, 2.15317399466e-08, 2.43398226019e-08, 3.57418876717e-08, 1.60249538084e-08, 5.44642286826e-09, 2.68773425738e-09, 1.80522830018e-09, 1.02709396543e-09, 5.12021369747e-10, 3.4837197016e-10, 1.15155961156e-10, 7.18268569622e-11, 5.50608829364e-11, 7.759970444e-11, 5.59571243508e-11, 2.62064172446e-11, 1.10827007294e-11, 1.18124164963e-11, 1.20619495295e-11, 6.67545836316e-12, 5.33073932218e-12, 3.16108033846e-12, 2.82703049338e-12, 2.30224324847e-12, 1.92724135262e-12, 1.24009504922e-12],
        "max": [0.0813239812851, 0.090120844543, 0.0393382161856, 0.00774513464421, 0.00478353211656, 0.00574916601181, 0.00633565848693, 0.00629021599889, 0.00817788299173, 0.0090749533847, 0.0079594226554, 0.00763649074361, 0.00786442589015, 0.00307817733847, 0.00221205176786, 0.00308153778315, 0.00327547383495, 0.00176850310527, 0.000739062437788, 0.000808832235634, 0.000820552406367, 0.000414766254835, 0.000256566680036, 0.000265772658167, 0.000147245518747, 0.000148116101627, 0.000112229121441, 0.000117948584375, 0.000127433406305, 6.57088021399e-05, 3.5378823668e-05, 5.21197071066e-05, 3.91566136386e-05, 5.38070780749e-05, 3.68637956853e-05, 2.22860107897e-05, 1.8306875063e-05, 1.95137072296e-05, 2.5475235816e-05, 1.85745175258e-05],
        "mean": [0.00500158919021, 0.0036804440897, 0.00109849590808, 0.000455926405266, 0.000275340047665, 0.000259978929535, 0.000287115166429, 0.000235271829297, 0.000257179024629, 0.000275293743471, 0.000266985618509, 0.000219453257159, 0.000134005022119, 6.44483152428e-05, 6.89724620315e-05, 7.85704833106e-05, 8.41139553813e-05, 6.35932810837e-05, 4.16085604229e-05, 2.67696341325e-05, 2.20247457037e-05, 1.62502656167e-05, 1.37486376843e-05, 1.14417698569e-05, 6.65150719215e-06, 5.19261629961e-06, 5.54426878807e-06, 5.51382709091e-06, 4.47343245469e-06, 2.97408291772e-06, 1.84733914921e-06, 1.27193857224e-06, 1.3319260006e-06, 9.57371184995e-07, 8.46914417707e-07, 7.67626204379e-07, 8.27542748993e-07, 8.20878085506e-07, 7.92824664586e-07, 6.06323283137e-07],
        "median": [0.00127200759016, 0.000940175668802, 0.000421448145062, 0.000239109169343, 0.000122879981063, 0.000113676847832, 0.000123488396639, 8.63607347128e-05, 9.11328752409e-05, 8.60796426423e-05, 8.2925784227e-05, 4.95341773785e-05, 4.02772129746e-05, 2.10632842936e-05, 2.55306276813e-05, 2.77298549918e-05, 2.79400428553e-05, 1.97532026505e-05, 1.34346601044e-05, 8.66303344083e-06, 5.63530784348e-06, 4.5330989451e-06, 5.37450750926e-06, 3.85923203794e-06, 1.93968980966e-06, 1.84729162811e-06, 1.88404760593e-06, 1.77707590865e-06, 1.43648662743e-06, 1.18873265365e-06, 7.8534583281e-07, 4.03345410405e-07, 2.51506776294e-07, 2.53686579299e-07, 2.46401612003e-07, 2.20798256123e-07, 2.65566399094e-07, 3.03411468394e-07, 3.43071491216e-07, 2.49994570822e-07],
        "min": [3.88342931334e-24, 4.32057027308e-24, 8.96485908495e-24, 4.32400852334e-24, 1.11223857721e-23, 8.88163741489e-24, 2.8231896071e-24, 3.33316333321e-24, 2.98304083106e-24, 2.81366174509e-24, 8.59446443526e-24, 5.80265453168e-24, 3.6496973213e-24, 5.15221859937e-24, 4.78359652014e-24, 6.4537692788e-24, 5.29123364024e-24, 4.92107052123e-24, 5.93152718789e-24, 8.25229207332e-24, 7.6468405397e-24, 3.61700495324e-24, 6.31407108438e-24, 6.58956497831e-24, 6.14447269508e-24, 5.36028145198e-24, 5.33622750526e-24, 7.27842198658e-24, 1.00492588397e-23, 7.53586358755e-24, 5.097834923e-24, 7.79050315459e-24, 7.26669872467e-24, 9.18122627631e-24, 6.73221942897e-24, 1.13074399187e-23, 1.07095109627e-23, 9.53034534739e-24, 1.02025842118e-23, 7.35105556557e-24],
        "stdev": [0.0103175071999, 0.00959738437086, 0.00252775638364, 0.000642503553536, 0.000413897185354, 0.000391205510823, 0.000441932614194, 0.000425617268775, 0.000448594801128, 0.000518974615261, 0.000502690440044, 0.000509294623043, 0.000321244151564, 0.00012642495858, 0.0001234326337, 0.000141904543852, 0.000162873213412, 0.000111192559416, 6.96549686836e-05, 4.9275913625e-05, 4.208043174e-05, 2.87928833131e-05, 2.11766346183e-05, 1.85567187145e-05, 1.10686869448e-05, 8.11884638097e-06, 8.54138033901e-06, 9.02388183022e-06, 7.2955235737e-06, 4.65051516585e-06, 2.98939335153e-06, 2.71977887678e-06, 3.16552086588e-06, 2.04581988328e-06, 1.72428826772e-06, 1.48790013554e-06, 1.51725748765e-06, 1.43375007156e-06, 1.2729866512e-06, 1.03572085663e-06],
        "var": [0.000106450956082, 9.21097889659e-05, 6.38955270915e-06, 4.12810834405e-07, 1.71310887254e-07, 1.53041753492e-07, 1.95304423301e-07, 1.81150070944e-07, 2.01237284614e-07, 2.69334663017e-07, 2.52697674341e-07, 2.59381039314e-07, 1.03197798751e-07, 1.59832698188e-08, 1.52356154359e-08, 2.0136898371e-08, 2.65276813849e-08, 1.23637855509e-08, 4.8518149498e-09, 2.42811548645e-09, 1.77076275865e-09, 8.2903017784e-10, 4.48449860579e-10, 3.44351824833e-10, 1.22515830814e-10, 6.59156687566e-11, 7.2955183561e-11, 8.14304387808e-11, 5.32246642593e-11, 2.16272902365e-11, 8.93647222194e-12, 7.39719657056e-12, 1.00205217388e-11, 4.18537903987e-12, 2.97317010421e-12, 2.21384672747e-12, 2.30207042665e-12, 2.05563929594e-12, 1.62049497085e-12, 1.07271765255e-12]
    },
    "melbands128": {
