{
"lowlevel": {
    "average_loudness": 0.877713382244,
    "barkbands_crest": {
        "dmean": 2.63001585007,
        "dmean2": 4.29045438766,
        "dvar": 5.91355800629,
        "dvar2": 15.5203666687,
        "max": 25.3896141052,
        "mean": 8.85089588165,
        "median": 8.07570362091,
        "min": 2.02043318748,
        "stdev": 3.64251112938,
        "var": 13.2678880692
    },
    "barkbands_flatness_db": {
        "dmean": 0.0222463905811,
        "dmean2": 0.0330630093813,
        "dvar": 0.000490500300657,
        "dvar2": 0.00121130631305,
        "max": 0.302468717098,
        "mean": 0.145077958703,
        "median": 0.143599554896,
        "min": 0.0190243404359,
        "stdev": 0.0376570038497,
        "var": 0.00141805002932
    },
    "barkbands_kurtosis": {
        "dmean": 2.18909668922,
        "dmean2": 3.57849383354,
        "dvar": 20.669593811,
        "dvar2": 56.1636276245,
        "max": 86.4661636353,
        "mean": 1.94223117828,
        "median": 0.518450856209,
        "min": -1.85847079754,
        "stdev": 4.7644071579,
        "var": 22.6995773315
    },
    "barkbands_skewness": {
        "dmean": 0.545172333717,
        "dmean2": 0.834258317947,
        "dvar": 0.378698438406,
        "dvar2": 0.925196528435,
        "max": 7.86193227768,
        "mean": 1.12041509151,
        "median": 1.02995944023,
        "min": -2.42680644989,
        "stdev": 0.991838812828,
        "var": 0.983744204044
    },
    "barkbands_spread": {
        "dmean": 4.82058763504,
        "dmean2": 7.33375453949,
        "dvar": 28.1685619354,
        "dvar2": 62.0436553955,
        "max": 95.3664550781,
        "mean": 19.9544830322,
        "median": 18.5776042938,
        "min": 1.55019080639,
        "stdev": 9.02742671967,
        "var": 81.494430542
    },
    "dissonance": {
        "dmean": 0.018713420257,
        "dmean2": 0.0313069075346,
        "dvar": 0.000295253877994,
        "dvar2": 0.000795863452367,
        "max": 0.499999791384,
        "mean": 0.463686138391,
        "median": 0.468330740929,
        "min": 0.319621831179,
        "stdev": 0.0233010817319,
        "var": 0.000542940397281
    },
    "dynamic_complexity": 4.05620718002,
    "erbbands_crest": {
        "dmean": 2.5136039257,
        "dmean2": 3.94330739975,
        "dvar": 6.03698635101,
        "dvar2": 13.9576349258,
        "max": 30.2198543549,
        "mean": 8.47538757324,
        "median": 7.36311149597,
        "min": 2.51995635033,
        "stdev": 4.08941507339,
        "var": 16.7233161926
    },
    "erbbands_flatness_db": {
        "dmean": 0.018052496016,
        "dmean2": 0.0244588702917,
        "dvar": 0.000297949591186,
        "dvar2": 0.000541276647709,
        "max": 0.331638753414,
        "mean": 0.186331808567,
        "median": 0.185430929065,
        "min": 0.0399422459304,
        "stdev": 0.04083199054,
        "var": 0.0016672515776
    },
    "erbbands_kurtosis": {
        "dmean": 0.710297644138,
        "dmean2": 1.09272241592,
        "dvar": 1.02431952953,
        "dvar2": 2.29733371735,
        "max": 18.3365764618,
        "mean": 0.131142184138,
        "median": -0.293753743172,
        "min": -1.66258609295,
        "stdev": 1.59833788872,
        "var": 2.55468416214
    },
    "erbbands_skewness": {
        "dmean": 0.325890690088,
        "dmean2": 0.49122312665,
        "dvar": 0.0968092679977,
        "dvar2": 0.219264537096,
        "max": 3.68548750877,
        "mean": 0.0302294865251,
        "median": 0.0336435027421,
        "min": -3.38725185394,
        "stdev": 0.612832844257,
        "var": 0.375564098358
    },
    "erbbands_spread": {
        "dmean": 6.63389873505,
        "dmean2": 10.0560798645,
        "dvar": 51.7350578308,
        "dvar2": 115.205680847,
        "max": 134.417053223,
        "mean": 31.6607322693,
        "median": 30.9013805389,
        "min": 4.12545251846,
        "stdev": 12.7340221405,
        "var": 162.155319214
    },
    "hfc": {
        "dmean": 6.05477046967,
        "dmean2": 7.90675401688,
        "dvar": 96.2018814087,
        "dvar2": 164.986434937,
        "max": 255.326293945,
        "mean": 15.4045162201,
        "median": 9.45473670959,
        "min": 1.12911834444e-16,
        "stdev": 17.83294487,
        "var": 318.013916016
    },
    "loudness_ebu128": {
        "integrated": -21.3868618011,
        "loudness_range": 5.08023262024,
        "momentary": {
            "dmean": 0.924493193626,
            "dmean2": 1.31912350655,
            "dvar": 0.783211052418,
            "dvar2": 1.49350607395,
            "max": -16.5684432983,
            "mean": -22.7149448395,
            "median": -21.7357769012,
            "min": -84.9811553955,
            "stdev": 5.36212015152,
            "var": 28.75233078
        },
        "short_term": {
            "dmean": 0.129701986909,
            "dmean2": 0.164901390672,
            "dvar": 0.0245101694018,
            "dvar2": 0.0254614315927,
            "max": -18.7546291351,
            "mean": -21.8890705109,
            "median": -21.5202026367,
            "min": -39.2225036621,
            "stdev": 2.25882124901,
            "var": 5.1022734642
        }
    },
    "melbands_crest": {
        "dmean": 3.296646595,
        "dmean2": 5.42800188065,
        "dvar": 10.4276514053,
        "dvar2": 27.765045166,
        "max": 34.289730072,
        "mean": 11.896112442,
        "median": 10.9491930008,
        "min": 1.76397871971,
        "stdev": 4.50402879715,
        "var": 20.2862739563
    },
    "melbands_flatness_db": {
        "dmean": 0.0277433190495,
        "dmean2": 0.0404980704188,
        "dvar": 0.000788263103459,
        "dvar2": 0.00189840386156,
        "max": 0.408749133348,
        "mean": 0.199416846037,
        "median": 0.19610285759,
        "min": 0.00598682230338,
        "stdev": 0.0487137176096,
        "var": 0.00237302621827
    },
    "melbands_kurtosis": {
        "dmean": 5.17454004288,
        "dmean2": 8.43232440948,
        "dvar": 119.001014709,
        "dvar2": 321.900024414,
        "max": 193.899383545,
        "mean": 7.15343761444,
        "median": 3.82890272141,
        "min": -1.81138038635,
        "stdev": 11.7673158646,
        "var": 138.469726562
    },
    "melbands_skewness": {
        "dmean": 0.705992698669,
        "dmean2": 1.08955824375,
        "dvar": 0.714487195015,
        "dvar2": 1.76694846153,
        "max": 11.1353597641,
        "mean": 2.01050329208,
        "median": 1.85170567036,
        "min": -1.46335220337,
        "stdev": 1.3066701889,
        "var": 1.70738685131
    },
    "melbands_spread": {
        "dmean": 7.15895748138,
        "dmean2": 10.8968067169,
        "dvar": 71.972869873,
        "dvar2": 162.930160522,
        "max": 217.708969116,
        "mean": 24.551361084,
        "median": 22.1136436462,
        "min": 1.0703561306,
        "stdev": 14.0600099564,
        "var": 197.683883667
    },
    "pitch_salience": {
        "dmean": 0.0729171708226,
        "dmean2": 0.120671197772,
        "dvar": 0.0045307087712,
        "dvar2": 0.0127915218472,
        "max": 0.903857529163,
        "mean": 0.569045484066,
        "median": 0.576462090015,
        "min": 0.188461869955,
        "stdev": 0.0961373001337,
        "var": 0.0092423800379
    },
    "silence_rate_20dB": {
        "dmean": 0,
        "dmean2": 0,
        "dvar": 0,
        "dvar2": 0,
        "max": 1,
        "mean": 1,
        "median": 1,
        "min": 1,
        "stdev": 0,
        "var": 0
    },
    "silence_rate_30dB": {
        "dmean": 0.00183851690963,
        "dmean2": 0.00367759726942,
        "dvar": 0.00183518545236,
        "dvar2": 0.00488977134228,
        "max": 1,
        "mean": 0.998774528503,
        "median": 1,
        "min": 0,
        "stdev": 0.0349853336811,
        "var": 0.00122397358064
    },
    "silence_rate_60dB": {
        "dmean": 0.0505592152476,
        "dmean2": 0.101133927703,
        "dvar": 0.0480087436736,
        "dvar2": 0.105012089014,
        "max": 1,
        "mean": 0.114276960492,
        "median": 0,
        "min": 0,
        "stdev": 0.318150103092,
        "var": 0.10121948272
    },
    "spectral_centroid": {
        "dmean": 244.332687378,
        "dmean2": 364.44430542,
        "dvar": 74267.546875,
        "dvar2": 155231.40625,
        "max": 11281.5849609,
        "mean": 1259.3458252,
        "median": 1163.20922852,
        "min": 224.337921143,
        "stdev": 549.385009766,
        "var": 301823.90625
    },
    "spectral_complexity": {
        "dmean": 3.76804041862,
        "dmean2": 5.11155366898,
        "dvar": 20.0765743256,
        "dvar2": 31.6285667419,
        "max": 54,
        "mean": 17.0808830261,
        "median": 17,
        "min": 0,
        "stdev": 9.05736541748,
        "var": 82.0358657837
    },
    "spectral_decrease": {
        "dmean": 2.45341769123e-09,
        "dmean2": 3.81078324452e-09,
        "dvar": 2.08597811304e-17,
        "dvar2": 5.44993703758e-17,
        "max": 1.32118673814e-28,
        "mean": -5.08541830868e-09,
        "median": -3.27802451849e-09,
        "min": -4.56894397871e-08,
        "stdev": 5.46606759855e-09,
        "var": 2.98778960743e-17
    },
    "spectral_energy": {
        "dmean": 0.00970271788538,
        "dmean2": 0.014886578545,
        "dvar": 0.000309450697387,
        "dvar2": 0.000797835062258,
        "max": 0.175987869501,
        "mean": 0.0205907765776,
        "median": 0.0132477004081,
        "min": 1.05277635317e-20,
        "stdev": 0.0217800121754,
        "var": 0.00047436892055
    },
    "spectral_energyband_high": {
        "dmean": 0.000230355872191,
        "dmean2": 0.000321498839185,
        "dvar": 5.36650645699e-07,
        "dvar2": 1.11947781534e-06,
        "max": 0.0267065558583,
        "mean": 0.000338283571182,
        "median": 0.000115125178127,
        "min": 7.31545851383e-21,
        "stdev": 0.000869426236022,
        "var": 7.55901965022e-07
    },
    "spectral_energyband_low": {
        "dmean": 0.0053651263006,
        "dmean2": 0.00941325444728,
        "dvar": 0.000236575229792,
        "dvar2": 0.000678639276884,
        "max": 0.155675932765,
        "mean": 0.00597643340006,
        "median": 0.00256379041821,
        "min": 3.37701950303e-23,
        "stdev": 0.0131375575438,
        "var": 0.000172595406184
    },
    "spectral_energyband_middle_high": {
        "dmean": 0.00249425903894,
        "dmean2": 0.0033410449978,
        "dvar": 1.71238916664e-05,
        "dvar2": 2.90694406431e-05,
        "max": 0.0673252120614,
        "mean": 0.00597596913576,
        "median": 0.00314796157181,
        "min": 1.25803811217e-21,
        "stdev": 0.00784585811198,
        "var": 6.15574899712e-05
    },
    "spectral_energyband_middle_low": {
        "dmean": 0.00413434533402,
        "dmean2": 0.0062571791932,
        "dvar": 4.53293432656e-05,
        "dvar2": 0.000106177525595,
        "max": 0.0706346184015,
        "mean": 0.00923872366548,
        "median": 0.00582592561841,
        "min": 2.68550314999e-22,
        "stdev": 0.00999303534627,
        "var": 9.9860750197e-05
    },
    "spectral_entropy": {
        "dmean": 0.150226533413,
        "dmean2": 0.206044182181,
        "dvar": 0.0203198976815,
        "dvar2": 0.0386011339724,
        "max": 9.80626869202,
        "mean": 7.38031435013,
        "median": 7.36837339401,
        "min": 6.26949214935,
        "stdev": 0.301986545324,
        "var": 0.0911958813667
    },
    "spectral_flux": {
        "dmean": 0.0281822029501,
        "dmean2": 0.043866571039,
        "dvar": 0.00154239719268,
        "dvar2": 0.00297737470828,
        "max": 0.338988721371,
        "mean": 0.0766255259514,
        "median": 0.0577364340425,
        "min": 6.84976658727e-11,
        "stdev": 0.0584338121116,
        "var": 0.00341451028362
    },
    "spectral_kurtosis": {
        "dmean": 2.45588254929,
        "dmean2": 4.18623828888,
        "dvar": 5.60047483444,
        "dvar2": 16.4818382263,
        "max": 25.2969875336,
        "mean": 5.44853115082,
        "median": 4.92059993744,
        "min": -1.2050807476,
        "stdev": 3.06282258034,
        "var": 9.38088226318
    },
    "spectral_rms": {
        "dmean": 0.000923033512663,
        "dmean2": 0.00131775683258,
        "dvar": 1.61960110745e-06,
        "dvar2": 3.71800638277e-06,
        "max": 0.0131032625213,
        "mean": 0.00394885754213,
        "median": 0.00359507789835,
        "min": 3.20483830446e-12,
        "stdev": 0.00212015607394,
        "var": 4.49506160294e-06
    },
    "spectral_rolloff": {
        "dmean": 411.946411133,
        "dmean2": 667.099304199,
        "dvar": 344171.9375,
        "dvar2": 745726.5,
        "max": 19250.6835938,
        "mean": 1398.16174316,
        "median": 1335.05859375,
        "min": 64.599609375,
        "stdev": 933.954711914,
        "var": 872271.375
    },
    "spectral_skewness": {
        "dmean": 0.286721736193,
        "dmean2": 0.46146774292,
        "dvar": 0.065309509635,
        "dvar2": 0.171276420355,
        "max": 3.70621728897,
        "mean": 1.54142653942,
        "median": 1.54044699669,
        "min": -0.134677648544,
        "stdev": 0.431482583284,
        "var": 0.18617720902
    },
    "spectral_spread": {
        "dmean": 392703.6875,
        "dmean2": 530351.5625,
        "dvar": 283181711360,
        "dvar2": 481990017024,
        "max": 41436444,
        "mean": 3321075.5,
        "median": 3080687,
        "min": 1677554.875,
        "stdev": 1240281.875,
        "var": 1.53829926502e+12
    },
    "spectral_strongpeak": {
        "dmean": 0.609869241714,
        "dmean2": 0.998898923397,
        "dvar": 1.29336369038,
        "dvar2": 3.07522964478,
        "max": 18.3799247742,
        "mean": 0.965403258801,
        "median": 0.401869922876,
        "min": 0,
        "stdev": 1.55245578289,
        "var": 2.4101190567
    },
    "zerocrossingrate": {
        "dmean": 0.00818175915629,
        "dmean2": 0.00966813322157,
        "dvar": 7.63036950957e-05,
        "dvar2": 0.00010386305803,
        "max": 0.51611328125,
        "mean": 0.0508724302053,
        "median": 0.04736328125,
        "min": 0.0068359375,
        "stdev": 0.023400567472,
        "var": 0.000547586590983
    },
    "barkbands": {
        "dmean": [6.75318660797e-05, 0.00296144955792, 0.00238661747426, 0.00103510683402, 0.00211529689841, 0.000648849352729, 0.00055467284983, 0.000827571901027, 0.000650179979857, 0.000597335631028, 0.00049184897216, 0.000409506930737, 0.000516203173902, 0.000597766600549, 0.000360548583558, 0.000402225268772, 0.000279660278466, 0.000147471408127, 0.000159106552019, 9.3891612778e-05, 7.24610872567e-05, 6.80058146827e-05, 4.11236833315e-05, 1.67716316355e-05, 6.62220145387e-06, 9.74038698587e-07, 4.16891161592e-08],
        "dmean2": [0.000105092192825, 0.00539056118578, 0.00417124060914, 0.00174726417754, 0.00341306417249, 0.00100767868571, 0.000836404156871, 0.00127324578352, 0.000972904963419, 0.000840751279611, 0.000737043446861, 0.000617006153334, 0.00079329952132, 0.000914665870368, 0.000542493362445, 0.000588940572925, 0.000430155894719, 0.000224116040044, 0.000239727567532, 0.000137753901072, 0.000108662818093, 0.000100457502413, 6.00578023295e-05, 2.43488830165e-05, 9.08768743102e-06, 1.31192439312e-06, 6.76713725056e-08],
        "dvar": [2.87011872047e-08, 8.67880444275e-05, 4.22200791945e-05, 4.97082191941e-06, 1.99728128791e-05, 2.91413016384e-06, 3.13660848406e-06, 5.07651293447e-06, 3.21065294884e-06, 2.0056095309e-06, 1.61650712016e-06, 1.4317795376e-06, 2.02601813726e-06, 2.52193399319e-06, 1.53608561959e-06, 1.44467378504e-06, 1.071095312e-06, 6.6655537978e-08, 2.59264453462e-07, 4.85876689993e-08, 7.21495609923e-08, 4.99712022872e-08, 4.2857543292e-08, 2.43392381805e-08, 3.09699293988e-10, 7.4600386632e-12, 2.2688773603e-14],
        "dvar2": [6.73632172266e-08, 0.000256818777416, 0.000119385498692, 1.35453692565e-05, 5.12253463967e-05, 6.77943944538e-06, 7.18617457096e-06, 1.17187610158e-05, 6.11022960584e-06, 3.98423799197e-06, 3.51834842149e-06, 2.97697306451e-06, 4.38241977463e-06, 5.33747061127e-06, 3.31917590302e-06, 2.83519739241e-06, 2.16582884605e-06, 1.47497729586e-07, 5.04045829075e-07, 8.02974682301e-08, 1.67733261947e-07, 1.08509489394e-07, 8.81916690787e-08, 6.11440995613e-08, 6.54256704369e-10, 1.36266458187e-11, 5.0355099051e-14],
        "max": [0.0019859066233, 0.0879360809922, 0.0866284817457, 0.0261506531388, 0.0534301996231, 0.0379514954984, 0.0542614236474, 0.0405219048262, 0.0593097060919, 0.0287029705942, 0.0260995440185, 0.0483835414052, 0.0358721725643, 0.036168128252, 0.0262599829584, 0.0352126769722, 0.0387659147382, 0.00514156883582, 0.0316874235868, 0.0137891601771, 0.0132406568155, 0.00399637548253, 0.0109364306554, 0.0102299619466, 0.000812164507806, 0.000110136243165, 4.02242721975e-06],
        "mean": [6.99832089595e-05, 0.00264206784777, 0.00253968825564, 0.00128952472005, 0.00341282994486, 0.00119227473624, 0.000857013685163, 0.00115706212819, 0.00103797949851, 0.000930672162212, 0.000715599395335, 0.000629121845122, 0.000744801247492, 0.000891183444764, 0.000469289574539, 0.000641878752504, 0.000447455240646, 0.000235797982896, 0.000270506192464, 0.000164149401826, 9.07739959075e-05, 8.1524180132e-05, 4.85111195303e-05, 2.08884011954e-05, 8.76288686413e-06, 1.40957911299e-06, 4.30695870079e-08],
        "median": [1.29118916448e-05, 0.000709508080035, 0.000993108376861, 0.000618990510702, 0.00168836349621, 0.000435936148278, 0.000320982420817, 0.000366467807908, 0.000261508190306, 0.000321377243381, 0.000224564777454, 0.000218460772885, 0.000242588488618, 0.00028837780701, 0.000120358607091, 0.000194471940631, 0.000129231048049, 0.000109237473225, 8.77193306223e-05, 6.32230367046e-05, 2.74903286481e-05, 1.90045539057e-05, 8.68205279403e-06, 4.52239601145e-06, 1.50232745e-06, 2.14669782395e-07, 7.85158782435e-09],
        "min": [2.0886831904e-24, 3.54616248294e-24, 3.41263673067e-24, 1.32437423979e-23, 3.41596083276e-23, 1.5105381559e-23, 1.65396064154e-23, 4.22905270509e-23, 5.83063377138e-23, 7.173032694e-23, 5.4701464258e-23, 4.43174830587e-23, 5.27677326765e-23, 7.6522833644e-23, 1.08832436931e-22, 1.65999230357e-22, 1.25976429129e-22, 1.49421349989e-22, 1.79914976539e-22, 2.58160827551e-22, 3.41921624083e-22, 5.44033568773e-22, 5.92052453464e-22, 8.01330208669e-22, 1.0276114631e-21, 1.84126183633e-21, 1.96684223204e-21],
        "stdev": [0.000182135991054, 0.00760030886158, 0.00549206184223, 0.00222050957382, 0.00528908427805, 0.00285142008215, 0.00213602976874, 0.00277659995481, 0.00294259400107, 0.0019101256039, 0.00167274172418, 0.00178801151924, 0.00188971543685, 0.0022381010931, 0.00146313814912, 0.00191445823293, 0.00171090988442, 0.000355127907824, 0.000739721697755, 0.00036120734876, 0.000297960912576, 0.000239464090555, 0.000231468700804, 0.00014164543245, 2.1617170205e-05, 4.16441116613e-06, 1.80453980647e-07],
        "var": [3.31735172665e-08, 5.77646969759e-05, 3.01627442241e-05, 4.93066272611e-06, 2.79744126601e-05, 8.13059614302e-06, 4.56262341686e-06, 7.70950737206e-06, 8.65885886014e-06, 3.64857964996e-06, 2.79806499748e-06, 3.19698528983e-06, 3.57102453563e-06, 5.00909618495e-06, 2.14077340388e-06, 3.66515018868e-06, 2.92721256301e-06, 1.26115821786e-07, 5.47188221844e-07, 1.30470752424e-07, 8.87807019012e-08, 5.73430476436e-08, 5.35777573418e-08, 2.00634282521e-08, 4.67302085916e-10, 1.73423185534e-11, 3.25636395561e-14]
    },
    "erbbands": {
        "dmean": [0.0471172407269, 0.811385333538, 2.76996779442, 2.89783430099, 4.67673969269, 8.13510990143, 7.96432590485, 4.992374897, 7.08111000061, 11.9415025711, 16.3758220673, 14.989279747, 12.8099603653, 22.1042404175, 20.7005176544, 14.324587822, 23.3073101044, 26.9039115906, 19.0367183685, 17.719587326, 21.0602588654, 14.0437021255, 8.3580789566, 8.22626113892, 6.09339094162, 4.19097185135, 3.09619665146, 2.88065481186, 2.53238916397, 1.85975110531, 1.03393566608, 0.515454173088, 0.198614642024, 0.0881556272507, 0.0397183969617, 0.00594621803612, 0.00178088457324, 0.000290771306027, 1.03312622741e-05, 1.12695279313e-05],
        "dmean2": [0.083740927279, 1.4816917181, 4.94778776169, 4.79844427109, 7.97351884842, 13.2289876938, 11.7082281113, 7.81869792938, 10.5419797897, 18.2331447601, 25.5400485992, 22.5257854462, 18.3780097961, 31.0967102051, 30.5709762573, 21.8884925842, 35.1942100525, 40.7236442566, 28.9617786407, 25.9746017456, 30.1245136261, 20.9142093658, 12.6304273605, 12.5596437454, 8.94438457489, 6.07417917252, 4.58157157898, 4.2894320488, 3.76435780525, 2.70360374451, 1.50070798397, 0.752181351185, 0.287452340126, 0.121897399426, 0.0547421351075, 0.00779543863609, 0.00239493022673, 0.00040614392492, 1.41081618494e-05, 1.68439746631e-05],
        "dvar": [0.0154194654897, 6.97907304764, 71.5025177002, 36.2802238464, 105.100212097, 319.206329346, 286.255889893, 170.49559021, 443.343688965, 1319.70324707, 2312.39355469, 1809.92431641, 994.041259766, 3568.35473633, 1942.6060791, 2820.51513672, 3688.48242188, 5835.33984375, 2807.80566406, 3397.12182617, 4733.39306641, 1580.22717285, 233.52394104, 460.540039062, 426.739196777, 106.500640869, 132.876754761, 88.8774871826, 71.5260238647, 42.776802063, 30.9193153381, 29.3874168396, 1.55466759205, 0.0712948590517, 0.00999800395221, 0.000260747561697, 2.3883771064e-05, 5.99775432875e-07, 6.17503104205e-10, 3.79866832434e-10],
        "dvar2": [0.0453489236534, 20.5363864899, 204.79006958, 97.9078979492, 277.593933105, 834.661865234, 621.877197266, 433.271057129, 1024.88122559, 3083.79980469, 5180.48291016, 3558.32275391, 2040.39929199, 6693.59570312, 4197.72558594, 6205.85742188, 7480.61914062, 12317.2666016, 6270.41699219, 6902.93115234, 8848.08886719, 3324.94628906, 507.966339111, 991.233154297, 840.574829102, 174.379638672, 298.441223145, 204.718917847, 159.605758667, 91.9021682739, 61.1246376038, 72.5591888428, 3.77563428879, 0.151778802276, 0.0211808048189, 0.000490559032187, 4.08232372138e-05, 1.15604871098e-06, 1.18365439672e-09, 9.50462264449e-10],
        "max": [1.36541056633, 25.2358493805, 105.648979187, 68.9412460327, 109.96522522, 274.732452393, 418.309906006, 431.418212891, 861.663330078, 1181.81811523, 1134.02600098, 1225.34423828, 665.58972168, 1481.54211426, 1071.3392334, 2291.40234375, 1993.70996094, 2030.70556641, 1178.74023438, 1379.95874023, 2411.80273438, 1403.16870117, 417.921325684, 1168.10424805, 1250.83679199, 629.118469238, 686.739746094, 276.390533447, 138.819213867, 194.069000244, 318.899505615, 360.190002441, 79.5158309937, 13.6923904419, 4.46570777893, 0.728473901749, 0.203163653612, 0.0226529482752, 0.000796156935394, 0.000194977343199],
        "mean": [0.0503539443016, 0.697309911251, 2.68074941635, 4.04274463654, 5.78113508224, 12.1273889542, 15.21484375, 9.16243171692, 11.7191171646, 18.1462993622, 24.5845680237, 24.2615375519, 23.1572322845, 33.4696846008, 32.8402061462, 23.1686859131, 36.8961410522, 42.2611236572, 29.933052063, 27.6193637848, 36.1324958801, 24.2070503235, 14.3610992432, 14.8468971252, 9.81982040405, 7.06786441803, 4.60430049896, 3.62103056908, 2.9666762352, 2.19123768806, 1.23110282421, 0.62018930912, 0.253720968962, 0.115910306573, 0.0522259399295, 0.00881200190634, 0.00255642109551, 0.000409349770052, 2.11892911466e-05, 2.48913620453e-05],
        "median": [0.0155176669359, 0.193198144436, 0.916343331337, 2.15071201324, 2.77786493301, 5.65325641632, 6.07552146912, 3.93763208389, 4.9615020752, 7.14312458038, 7.43824386597, 7.12814903259, 8.93455219269, 9.08843421936, 12.0065631866, 8.6185092926, 13.0230464935, 15.0524311066, 11.3050327301, 9.0801525116, 10.061756134, 8.43683242798, 6.98080062866, 5.35491657257, 3.79474925995, 2.95152044296, 1.41804599762, 1.12301838398, 0.702044010162, 0.469165921211, 0.203319847584, 0.123136758804, 0.0575743950903, 0.0210452694446, 0.00874180626124, 0.00184456829447, 0.000387069478165, 6.31846633041e-05, 1.11870440378e-05, 1.61386997206e-05],
        "min": [1.86872969537e-22, 6.57008951717e-22, 5.8828430852e-21, 2.98271861546e-20, 6.24235791296e-20, 1.56532466719e-19, 1.48292507047e-19, 8.71798540924e-20, 1.72107217829e-19, 3.03687522876e-19, 6.62665142064e-19, 1.01342704831e-18, 1.27627495829e-18, 1.77295824543e-18, 2.49492603356e-18, 2.7407388826e-18, 2.30876428042e-18, 4.19028812009e-18, 4.08881497921e-18, 7.64136959449e-18, 9.53044414559e-18, 6.74942735742e-18, 9.64358839132e-18, 7.08304087899e-18, 9.85606544808e-18, 1.425050712e-17, 1.37903167668e-17, 1.60800585814e-17, 1.81263131653e-17, 1.84775522514e-17, 1.6771134896e-17, 1.33356726595e-17, 1.45882366923e-17, 1.10967916992e-17, 7.7721443678e-18, 7.02757180148e-18, 3.55567929004e-18, 1.02934893093e-18, 2.84107123801e-19, 2.72795861902e-20],
        "stdev": [0.11630615592, 2.10168528557, 6.83757543564, 6.16278266907, 9.72898960114, 20.3587856293, 29.2622909546, 18.6312065125, 25.109746933, 47.7554130554, 64.1143951416, 66.7085342407, 44.8556404114, 82.3957443237, 59.5138130188, 77.2613754272, 88.0700836182, 107.425376892, 70.7529296875, 76.952583313, 121.371948242, 67.6411437988, 21.0989456177, 31.1329593658, 29.0307693481, 17.0433216095, 14.1738758087, 10.1821498871, 8.88046741486, 7.23490715027, 6.29803037643, 4.95463609695, 1.20302605629, 0.313630700111, 0.124747641385, 0.0233940929174, 0.00772372400388, 0.00116132386029, 3.63942926924e-05, 2.56503353739e-05],
        "var": [0.0135271223262, 4.41708087921, 46.7524375916, 37.979888916, 94.6532363892, 414.480133057, 856.281616211, 347.121826172, 630.499389648, 2280.57958984, 4110.65576172, 4450.02832031, 2012.02844238, 6789.05859375, 3541.89379883, 5969.31982422, 7756.33935547, 11540.2119141, 5005.97753906, 5921.69970703, 14731.1494141, 4575.32421875, 445.165466309, 969.261108398, 842.785522461, 290.47479248, 200.898742676, 103.676185608, 78.8627090454, 52.3438796997, 39.6651878357, 24.548418045, 1.44727170467, 0.0983642190695, 0.0155619746074, 0.0005472835619, 5.96559148107e-05, 1.34867309498e-06, 1.32454458512e-09, 6.5793970272e-10]
    },
    "gfcc": {
        "mean": [-45.6468467712, 128.111282349, -146.838424683, 35.150554657, -52.3053779602, 7.46850156784, -32.8579711914, -3.11103272438, -19.7322444916, -7.00911617279, -11.7545070648, -6.00386238098, -8.12650775909],
        "cov": [[9359.04492188, -77.5456161499, -313.722106934, 397.942047119, -423.945343018, 352.395935059, -318.421325684, 145.266113281, -95.0313186646, 41.7707366943, -134.240615845, -78.0573043823, 54.5094413757], [-77.5456161499, 836.034423828, -172.106246948, -18.9234485626, 166.053894043, -156.474197388, 167.201828003, -124.494400024, 104.088508606, -102.519927979, 101.123687744, -122.062385559, 31.4305648804], [-313.722106934, -172.106246948, 697.799682617, 89.6498184204, 32.3593139648, 196.875732422, -88.1121292114, 109.517120361, -36.836681366, 84.7167358398, -60.4426460266, 66.5349807739, -57.2250404358], [397.942047119, -18.9234485626, 89.6498184204, 296.884521484, 53.5100364685, 28.690196991, 12.3784809113, -23.3614425659, 7.34252023697, -9.49102783203, -8.70512962341, 0.368087053299, -0.591732263565], [-423.945343018, 166.053894043, 32.3593139648, 53.5100364685, 257.748474121, -1.31891012192, 99.3987579346, 8.4431180954, 8.31187820435, 14.2391843796, 2.99509859085, -11.9298191071, -16.9755020142], [352.395935059, -156.474197388, 196.875732422, 28.690196991, -1.31891012192, 241.616073608, -8.24279689789, 85.1613693237, -20.0996303558, 35.9658660889, -20.0064201355, 2.91640067101, -17.6039848328], [-318.421325684, 167.201828003, -88.1121292114, 12.3784809113, 99.3987579346, -8.24279689789, 228.495513916, -11.3100500107, 17.7908878326, -15.4481973648, 13.4115133286, -19.9966011047, -24.4776859283], [145.266113281, -124.494400024, 109.517120361, -23.3614425659, 8.4431180954, 85.1613693237, -11.3100500107, 148.053817749, -5.02800703049, 51.0039482117, -26.537273407, 12.215464592, -6.85454463959], [-95.0313186646, 104.088508606, -36.836681366, 7.34252023697, 8.31187820435, -20.0996303558, 17.7908878326, -5.02800703049, 124.62953949, -12.7380990982, 20.249080658, -25.3594017029, 4.67505598068], [41.7707366943, -102.519927979, 84.7167358398, -9.49102783203, 14.2391843796, 35.9658660889, -15.4481973648, 51.0039482117, -12.7380990982, 101.030136108, -10.7161445618, 25.6677894592, -23.6617240906], [-134.240615845, 101.123687744, -60.4426460266, -8.70512962341, 2.99509859085, -20.0064201355, 13.4115133286, -26.537273407, 20.249080658, -10.7161445618, 86.0539550781, -10.4207029343, 16.7317733765], [-78.0573043823, -122.062385559, 66.5349807739, 0.368087053299, -11.9298191071, 2.91640067101, -19.9966011047, 12.215464592, -25.3594017029, 25.6677894592, -10.4207029343, 98.08177948, 7.61614131927], [54.5094413757, 31.4305648804, -57.2250404358, -0.591732263565, -16.9755020142, -17.6039848328, -24.4776859283, -6.85454463959, 4.67505598068, -23.6617240906, 16.7317733765, 7.61614131927, 82.0215454102]],
        "icov": [[0.000244635506533, -0.000583409739193, 0.000581246160436, -0.000643261766527, 0.000624247710221, -0.000757235451601, 0.000604050757829, -0.000478656264022, 0.000362768914783, -0.000432881235611, 0.00072488153819, -0.000382076657843, 0.000310859992169], [-0.000583409739193, 0.00462673092261, -0.00232667848468, 0.00232124538161, -0.00301676266827, 0.00339751993306, -0.00301363109611, 0.00252873194404, -0.00206330418587, 0.00231331354007, -0.00386884086765, 0.00410098908469, -0.00238160369918], [0.000581246160436, -0.00232667848468, 0.00422262446955, -0.00235591037199, 0.00132989801932, -0.0038273432292, 0.003086051438, -0.00211611762643, 0.00112393684685, -0.0017102007987, 0.00287947221659, -0.00329312146641, 0.00279324408621], [-0.000643261766527, 0.00232124538161, -0.00235591037199, 0.00577203184366, -0.00280794524588, 0.00184378121048, -0.00205680308864, 0.00293692783453, -0.00164445163682, 0.00179365836084, -0.00187017116696, 0.00181791034993, -0.00179396616295], [0.000624247710221, -0.00301676266827, 0.00132989801932, -0.00280794524588, 0.00747113535181, -0.00191431737039, -0.000159136805451, -0.00223829247989, 0.0015906568151, -0.00277522043325, 0.00263538910076, -0.00161835562903, 0.00127100676764], [-0.000757235451601, 0.00339751993306, -0.0038273432292, 0.00184378121048, -0.00191431737039, 0.00963586568832, -0.00340596074238, -0.000737613998353, -0.000799378496595, 0.00183206168003, -0.00377604062669, 0.00415354594588, -0.00190314033534], [0.000604050757829, -0.00301363109611, 0.003086051438, -0.00205680308864, -0.000159136805451, -0.00340596074238, 0.00851332396269, -0.00210799765773, 0.00100449845195, -0.000392374495277, 0.00222555315122, -0.00299843819812, 0.00414612935856], [-0.000478656264022, 0.00252873194404, -0.00211611762643, 0.00293692783453, -0.00223829247989, -0.000737613998353, -0.00210799765773, 0.0123483575881, -0.00215157237835, -0.00279604736716, 0.000225143157877, 0.00242657936178, -0.00328001193702], [0.000362768914783, -0.00206330418587, 0.00112393684685, -0.00164445163682, 0.0015906568151, -0.000799378496595, 0.00100449845195, -0.00215157237835, 0.00995640642941, -0.000684860511683, 1.07624737211e-05, 0.000347185268765, 0.00079996563727], [-0.000432881235611, 0.00231331354007, -0.0017102007987, 0.00179365836084, -0.00277522043325, 0.00183206168003, -0.000392374495277, -0.00279604736716, -0.000684860511683, 0.0157326422632, -0.00332843489014, -0.00132215220947, 0.00306842196733], [0.00072488153819, -0.00386884086765, 0.00287947221659, -0.00187017116696, 0.00263538910076, -0.00377604062669, 0.00222555315122, 0.000225143157877, 1.07624737211e-05, -0.00332843489014, 0.0173228010535, -0.00254583498463, -0.00084388803225], [-0.000382076657843, 0.00410098908469, -0.00329312146641, 0.00181791034993, -0.00161835562903, 0.00415354594588, -0.00299843819812, 0.00242657936178, 0.000347185268765, -0.00132215220947, -0.00254583498463, 0.0165540985763, -0.00515654310584], [0.000310859992169, -0.00238160369918, 0.00279324408621, -0.00179396616295, 0.00127100676764, -0.00190314033534, 0.00414612935856, -0.00328001193702, 0.00079996563727, 0.00306842196733, -0.00084388803225, -0.00515654310584, 0.0171421673149]]
    },
    "melbands": {
        "dmean": [0.000627812754828, 0.00127197429538, 0.000524423201568, 0.000448491424322, 0.000304457324091, 0.000113505760964, 0.00010994078184, 0.000145107798744, 0.000139080410008, 8.8681379566e-05, 6.36560289422e-05, 8.99425431271e-05, 6.68223874527e-05, 4.8200301535e-05, 4.8717680329e-05, 4.76720269944e-05, 5.61762644793e-05, 3.52539063897e-05, 2.99065486615e-05, 2.6018700737e-05, 2.54644983215e-05, 1.72552099684e-05, 1.14308686534e-05, 5.90311810811e-06, 7.48496722736e-06, 5.30275747224e-06, 3.89330261896e-06, 2.77382355307e-06, 2.09170798371e-06, 1.79361143182e-06, 1.75777870481e-06, 1.54811505126e-06, 1.19928859021e-06, 9.90493276731e-07, 6.57823647998e-07, 4.21557530217e-07, 2.94873274242e-07, 1.61781699148e-07, 8.66620908369e-08, 7.30113498548e-08],
        "dmean2": [0.00113264657557, 0.0022748101037, 0.000875755853485, 0.000754107604735, 0.000449669925729, 0.00017640585429, 0.000164867087733, 0.000224012561375, 0.000215862542973, 0.000132982517243, 9.18809819268e-05, 0.000126823113533, 9.84187790891e-05, 7.27003789507e-05, 7.34303685022e-05, 7.22469339962e-05, 8.55666658026e-05, 5.43394562555e-05, 4.53449501947e-05, 3.80439087166e-05, 3.67149586964e-05, 2.59508396994e-05, 1.81244904525e-05, 8.85288045538e-06, 1.16664195957e-05, 7.93354865891e-06, 5.92676406086e-06, 4.09270842283e-06, 3.1419226616e-06, 2.73755426861e-06, 2.64475033873e-06, 2.36109394791e-06, 1.7858069441e-06, 1.46819195379e-06, 9.7897464002e-07, 6.15291980921e-07, 4.46000626653e-07, 2.42314484922e-07, 1.24799200307e-07, 1.0279234175e-07],
        "dvar": [3.38464883498e-06, 1.56185124069e-05, 1.20070683352e-06, 1.20965387396e-06, 3.39697521667e-07, 8.45210124112e-08, 1.09753990785e-07, 1.76749281877e-07, 1.68757878782e-07, 6.07072152548e-08, 2.64613166934e-08, 5.91204241118e-08, 2.36137296383e-08, 1.91031581664e-08, 2.54180072545e-08, 1.62067141929e-08, 2.56226790896e-08, 1.04855297778e-08, 1.33304078886e-08, 5.79006220747e-09, 8.2318303285e-09, 3.62173668833e-09, 4.83484474678e-10, 1.50679690947e-10, 4.07356232079e-10, 5.31367450041e-10, 1.02038814898e-10, 4.66460516046e-11, 4.22688065105e-11, 4.79994828606e-11, 3.23230192611e-11, 2.88970618267e-11, 1.48823869894e-11, 1.56494053827e-11, 9.84569543949e-12, 1.56890264669e-11, 1.19124076922e-11, 9.83750624364e-13, 7.7622268693e-14, 4.2241722815e-14],
        "dvar2": [1.0096445294e-05, 4.48883620265e-05, 3.2276886941e-06, 3.20509457197e-06, 7.42664099107e-07, 2.12149956269e-07, 2.5589574193e-07, 4.17694451471e-07, 3.64917980278e-07, 1.19910552598e-07, 5.46751586228e-08, 1.11284798265e-07, 5.22595549057e-08, 4.58377762413e-08, 5.18044522835e-08, 3.48084938651e-08, 5.49248859727e-08, 2.36832740086e-08, 2.98580999925e-08, 1.13395000056e-08, 1.52319632463e-08, 7.49699946567e-09, 1.19889231875e-09, 3.24900883975e-10, 9.19246956332e-10, 1.0728657962e-09, 1.99776695187e-10, 8.17610146253e-11, 9.30408389221e-11, 1.1406707523e-10, 7.52480508459e-11, 6.65109564646e-11, 3.19956110217e-11, 3.55958006126e-11, 1.9838299406e-11, 3.5907839202e-11, 3.12275760805e-11, 2.38692529284e-12, 1.71462602688e-13, 8.99119374873e-14],
        "max": [0.0165400728583, 0.0440445095301, 0.011900536716, 0.0121212434024, 0.0117019154131, 0.00899293180555, 0.0126339914277, 0.0120285591111, 0.00916326418519, 0.0068891979754, 0.00337223778479, 0.00608615484089, 0.0039401021786, 0.00545438099653, 0.00538975233212, 0.00325801502913, 0.00454060500488, 0.00242507550865, 0.00284501514398, 0.00194305379409, 0.00330747291446, 0.00225591799244, 0.000747926358599, 0.00025244418066, 0.00104215019383, 0.00139230967034, 0.000521764799487, 0.000409433501773, 0.000343929161318, 0.000372491951566, 0.000120121112559, 9.0782501502e-05, 6.93482506904e-05, 0.000140583579196, 0.000143495257362, 0.000269620068138, 0.000221187059651, 6.21586586931e-05, 1.41575510497e-05, 9.48226534092e-06],
        "mean": [0.000601865584031, 0.00124804570805, 0.000737305672374, 0.000627430214081, 0.000586984853726, 0.000206800032174, 0.000177960362635, 0.000216196873225, 0.000212164508412, 0.000141067779623, 0.000110537504952, 0.00013264392328, 0.000103701058833, 7.2889830335e-05, 7.31048712623e-05, 7.18072551535e-05, 8.30698918435e-05, 5.17325170222e-05, 3.92584370275e-05, 4.07866027672e-05, 4.18621821154e-05, 2.69368210866e-05, 1.79604376171e-05, 8.92025582289e-06, 1.30227017507e-05, 8.09603807284e-06, 5.84776262258e-06, 4.53490065411e-06, 3.21176457874e-06, 2.19214098252e-06, 2.1130863388e-06, 1.74902595518e-06, 1.39557926104e-06, 1.13158080239e-06, 7.60901741614e-07, 4.76587018738e-07, 3.43549288573e-07, 1.96356850779e-07, 1.1098833852e-07, 9.1453479456e-08],
        "median": [0.000172269006725, 0.000444718054496, 0.000423753226642, 0.000312597345328, 0.000251312856562, 8.40159555082e-05, 7.18937153579e-05, 7.89877085481e-05, 5.67434690311e-05, 3.94066300942e-05, 4.01583820349e-05, 3.35639197147e-05, 3.69930021407e-05, 2.50923640124e-05, 2.12553259189e-05, 2.50764969678e-05, 2.71856333711e-05, 1.89200800378e-05, 1.0839137758e-05, 1.23665558931e-05, 1.02852936834e-05, 7.39027746022e-06, 7.34146442483e-06, 3.96818177251e-06, 4.07002471547e-06, 2.6303746381e-06, 2.20872789214e-06, 1.71924216374e-06, 8.80423044691e-07, 6.2089657149e-07, 5.72794249365e-07, 3.82630275908e-07, 2.94122855848e-07, 2.20767731207e-07, 1.14504231874e-07, 8.03086237511e-08, 6.54474803241e-08, 4.07366655963e-08, 2.20238725035e-08, 1.34548390207e-08],
        "min": [1.59932299139e-24, 4.22885493766e-24, 9.16841359749e-24, 6.48252128664e-24, 5.08066615425e-24, 2.35613760563e-24, 2.87930956633e-24, 3.85023128544e-24, 5.23545762437e-24, 7.47626909047e-24, 6.18458627211e-24, 6.97927173182e-24, 8.02850327856e-24, 5.55628222693e-24, 4.43625830255e-24, 6.34897660172e-24, 7.27378111787e-24, 5.49646487664e-24, 8.8655391304e-24, 7.73166675284e-24, 9.58248905322e-24, 6.41026359987e-24, 8.30256696767e-24, 6.29981005694e-24, 5.36721514491e-24, 7.11130732583e-24, 8.31823690069e-24, 8.6027608854e-24, 8.72698754531e-24, 7.73065306657e-24, 9.94890705509e-24, 8.64332332429e-24, 9.74809698964e-24, 1.04468305364e-23, 8.3793018345e-24, 6.34058391055e-24, 5.97242765367e-24, 1.05739049842e-23, 1.1293356385e-23, 8.09671134787e-24],
        "stdev": [0.00156532938126, 0.00319692445919, 0.00109115475789, 0.00107403262518, 0.00101108360104, 0.000436209898908, 0.000391188397771, 0.000546717899852, 0.000591843680013, 0.000379961828003, 0.000227849479415, 0.000333215983119, 0.000206877972232, 0.000178366040927, 0.000230131990975, 0.000170627332409, 0.000217630513362, 0.000136720671435, 0.000130559928948, 0.000111045294034, 0.000160614959896, 9.89594627754e-05, 2.83478111669e-05, 1.54731205839e-05, 2.88034680125e-05, 3.23937965732e-05, 1.33196208481e-05, 1.14594167826e-05, 8.75126806932e-06, 7.48456295696e-06, 6.04937713433e-06, 5.49647529624e-06, 4.16083139498e-06, 4.24695190304e-06, 3.63616504728e-06, 3.85214480048e-06, 2.96428265756e-06, 9.57797624324e-07, 3.14455263606e-07, 2.44485192979e-07],
        "var": [2.45025603363e-06, 1.02203266579e-05, 1.19061871828e-06, 1.15354600894e-06, 1.022290121e-06, 1.90279067169e-07, 1.53028352656e-07, 2.98900431517e-07, 3.50278924088e-07, 1.44371000488e-07, 5.19153857681e-08, 1.11032889549e-07, 4.27984971907e-08, 3.18144444122e-08, 5.29607326882e-08, 2.91136874608e-08, 4.73630379361e-08, 1.86925408485e-08, 1.70458953619e-08, 1.23310570643e-08, 2.57971635165e-08, 9.79297531956e-09, 8.03598354526e-10, 2.39417485837e-10, 8.29639745792e-10, 1.04935815592e-09, 1.7741229319e-10, 1.31318234065e-10, 7.65846899786e-11, 5.60186827481e-11, 3.65949631709e-11, 3.02112397599e-11, 1.73125177388e-11, 1.80365999913e-11, 1.32216963072e-11, 1.48390206373e-11, 8.78697201806e-12, 9.17376309466e-13, 9.88821180427e-14, 5.9773014446e-14]
    },
    "melbands128": {
