{
"lowlevel": {
    "average_loudness": 0.944547772408,
    "barkbands_crest": {
        "dmean": 3.54297208786,
        "dmean2": 5.53978061676,
        "dvar": 9.92379665375,
        "dvar2": 22.5775775909,
        "max": 25.9753341675,
        "mean": 13.0052995682,
        "median": 12.4277324677,
        "min": 2.32569622993,
        "stdev": 5.23223686218,
        "var": 27.3763046265
    },
    "barkbands_flatness_db": {
        "dmean": 0.0313570164144,
        "dmean2": 0.0450243279338,
        "dvar": 0.000929772621021,
        "dvar2": 0.00180250534322,
        "max": 0.571143507957,
        "mean": 0.168492749333,
        "median": 0.157019346952,
        "min": 0.0273991022259,
        "stdev": 0.0756312087178,
        "var": 0.00572007941082
    },
    "barkbands_kurtosis": {
        "dmean": 8.65563774109,
        "dmean2": 13.0056018829,
        "dvar": 540.413024902,
        "dvar2": 1192.46252441,
        "max": 553.241638184,
        "mean": 10.7204332352,
        "median": 1.90363836288,
        "min": -1.95782566071,
        "stdev": 30.7647895813,
        "var": 946.472290039
    },
    "barkbands_skewness": {
        "dmean": 0.942545294762,
        "dmean2": 1.34074032307,
        "dvar": 1.36498939991,
        "dvar2": 2.65970349312,
        "max": 20.4472370148,
        "mean": 1.86117637157,
        "median": 1.28271281719,
        "min": -2.86449861526,
        "stdev": 2.27294754982,
        "var": 5.1662902832
    },
    "barkbands_spread": {
        "dmean": 6.97178936005,
        "dmean2": 10.5564899445,
        "dvar": 64.9033584595,
        "dvar2": 136.448043823,
        "max": 116.794273376,
        "mean": 22.8159923553,
        "median": 21.2546844482,
        "min": 0.203434303403,
        "stdev": 14.6989822388,
        "var": 216.060073853
    },
    "dissonance": {
        "dmean": 0.0225203968585,
        "dmean2": 0.0371771752834,
        "dvar": 0.000655526760966,
        "dvar2": 0.00171735545155,
        "max": 0.499999910593,
        "mean": 0.456695497036,
        "median": 0.470371812582,
        "min": 0.216834902763,
        "stdev": 0.0424834787846,
        "var": 0.00180484598968
    },
    "dynamic_complexity": 4.03999090195,
    "erbbands_crest": {
        "dmean": 3.01973366737,
        "dmean2": 4.76880979538,
        "dvar": 8.92868328094,
        "dvar2": 21.0956268311,
        "max": 33.5501708984,
        "mean": 10.6221551895,
        "median": 9.41275596619,
        "min": 2.39723062515,
        "stdev": 5.54409217834,
        "var": 30.7369556427
    },
    "erbbands_flatness_db": {
        "dmean": 0.0208277460188,
        "dmean2": 0.0298047792166,
        "dvar": 0.000408668769524,
        "dvar2": 0.000799659464974,
        "max": 0.401932686567,
        "mean": 0.164807915688,
        "median": 0.154091373086,
        "min": 0.0466149300337,
        "stdev": 0.0581472441554,
        "var": 0.00338110211305
    },
    "erbbands_kurtosis": {
        "dmean": 1.39790928364,
        "dmean2": 2.16548061371,
        "dvar": 5.38068389893,
        "dvar2": 11.8254995346,
        "max": 64.7018432617,
        "mean": 1.38150763512,
        "median": 0.218374967575,
        "min": -1.90568339825,
        "stdev": 3.49189352989,
        "var": 12.1933202744
    },
    "erbbands_skewness": {
        "dmean": 0.443910986185,
        "dmean2": 0.663553833961,
        "dvar": 0.213876381516,
        "dvar2": 0.465284943581,
        "max": 6.51343679428,
        "mean": 0.264812767506,
        "median": 0.212065666914,
        "min": -4.97623157501,
        "stdev": 0.946120202541,
        "var": 0.895143449306
    },
    "erbbands_spread": {
        "dmean": 9.2164812088,
        "dmean2": 13.8358545303,
        "dvar": 123.403404236,
        "dvar2": 267.574310303,
        "max": 175.339523315,
        "mean": 34.6406402588,
        "median": 31.3553943634,
        "min": 0.913542151451,
        "stdev": 20.4252643585,
        "var": 417.191436768
    },
    "hfc": {
        "dmean": 8.50707817078,
        "dmean2": 11.6114330292,
        "dvar": 167.077209473,
        "dvar2": 321.79019165,
        "max": 166.990493774,
        "mean": 22.0324382782,
        "median": 17.185667038,
        "min": 1.04179785026e-16,
        "stdev": 21.3938751221,
        "var": 457.697906494
    },
    "loudness_ebu128": {
        "integrated": -9.25662994385,
        "loudness_range": 4.61330461502,
        "momentary": {
            "dmean": 0.971347033978,
            "dmean2": 1.15560436249,
            "dvar": 27.2663459778,
            "dvar2": 28.5694656372,
            "max": -6.15706968307,
            "mean": -17.4745903015,
            "median": -9.35045337677,
            "min": -300.691009521,
            "stdev": 41.9418830872,
            "var": 1759.1217041
        },
        "short_term": {
            "dmean": 0.211054459214,
            "dmean2": 0.187207788229,
            "dvar": 6.90890216827,
            "dvar2": 5.31483888626,
            "max": -7.51832866669,
            "mean": -13.0360040665,
            "median": -9.27773094177,
            "min": -300.691009521,
            "stdev": 23.8974590302,
            "var": 571.088562012
        }
    },
    "melbands_crest": {
        "dmean": 4.52383804321,
        "dmean2": 6.89094400406,
        "dvar": 17.8728713989,
        "dvar2": 38.7919540405,
        "max": 38.3179969788,
        "mean": 21.1985416412,
        "median": 20.8082561493,
        "min": 1.42512726784,
        "stdev": 8.8337059021,
        "var": 78.034362793
    },
    "melbands_flatness_db": {
        "dmean": 0.037771653384,
        "dmean2": 0.0524283014238,
        "dvar": 0.00136718677823,
        "dvar2": 0.00252375821583,
        "max": 0.674236834049,
        "mean": 0.23056294024,
        "median": 0.219535157084,
        "min": 0.00305231637321,
        "stdev": 0.0981428027153,
        "var": 0.00963201001287
    },
    "melbands_kurtosis": {
        "dmean": 22.0566215515,
        "dmean2": 33.377948761,
        "dvar": 4013.11157227,
        "dvar2": 9092.07617188,
        "max": 1866.39794922,
        "mean": 30.3812923431,
        "median": 6.11608791351,
        "min": -1.86984074116,
        "stdev": 83.0983810425,
        "var": 6905.34130859
    },
    "melbands_skewness": {
        "dmean": 1.32410275936,
        "dmean2": 1.92125999928,
        "dvar": 3.07379460335,
        "dvar2": 6.22147226334,
        "max": 32.7484321594,
        "mean": 3.23953604698,
        "median": 2.22423791885,
        "min": -2.63913249969,
        "stdev": 3.34038758278,
        "var": 11.1581888199
    },
    "melbands_spread": {
        "dmean": 8.97964954376,
        "dmean2": 13.4200611115,
        "dvar": 124.137283325,
        "dvar2": 249.036849976,
        "max": 242.662521362,
        "mean": 26.9711380005,
        "median": 20.5552196503,
        "min": 0.0846653133631,
        "stdev": 26.0353775024,
        "var": 677.840881348
    },
    "pitch_salience": {
        "dmean": 0.0896441042423,
        "dmean2": 0.138109818101,
        "dvar": 0.00709533598274,
        "dvar2": 0.0156078971922,
        "max": 0.919414758682,
        "mean": 0.447400867939,
        "median": 0.454077601433,
        "min": 0.0189184416085,
        "stdev": 0.16645924747,
        "var": 0.0277086831629
    },
    "silence_rate_20dB": {
        "dmean": 0,
        "dmean2": 0,
        "dvar": 0,
        "dvar2": 0,
        "max": 1,
        "mean": 1,
        "median": 1,
        "min": 1,
        "stdev": 0,
        "var": 0
    },
    "silence_rate_30dB": {
        "dmean": 0.108096651733,
        "dmean2": 0.216216221452,
        "dvar": 0.096401527524,
        "dvar2": 0.210375860333,
        "max": 1,
        "mean": 0.885238945484,
        "median": 1,
        "min": 0,
        "stdev": 0.318745106459,
        "var": 0.10159843415
    },
    "silence_rate_60dB": {
        "dmean": 0.0148367956281,
        "dmean2": 0.0296767354012,
        "dvar": 0.0146169494838,
        "dvar2": 0.0311296377331,
        "max": 1,
        "mean": 0.112535759807,
        "median": 0,
        "min": 0,
        "stdev": 0.316021233797,
        "var": 0.0998694226146
    },
    "spectral_centroid": {
        "dmean": 315.669799805,
        "dmean2": 463.142456055,
        "dvar": 153350.4375,
        "dvar2": 297401.71875,
        "max": 11742.3720703,
        "mean": 1823.73291016,
        "median": 1556.69848633,
        "min": 142.296936035,
        "stdev": 1601.94348145,
        "var": 2566222.75
    },
    "spectral_complexity": {
        "dmean": 3.93683767319,
        "dmean2": 5.51033401489,
        "dvar": 32.3688049316,
        "dvar2": 46.76745224,
        "max": 61,
        "mean": 15.9781713486,
        "median": 14,
        "min": 0,
        "stdev": 12.2965898514,
        "var": 151.206130981
    },
    "spectral_decrease": {
        "dmean": 5.2404844908e-09,
        "dmean2": 8.02265720523e-09,
        "dvar": 5.06024067047e-17,
        "dvar2": 1.11431604664e-16,
        "max": 1.9964314989e-28,
        "mean": -1.11854543405e-08,
        "median": -7.08261982396e-09,
        "min": -5.77819143643e-08,
        "stdev": 1.1348004314e-08,
        "var": 1.28777198298e-16
    },
    "spectral_energy": {
        "dmean": 0.0202436745167,
        "dmean2": 0.0309484787285,
        "dvar": 0.000734267930966,
        "dvar2": 0.0016141156666,
        "max": 0.221048414707,
        "mean": 0.0442148596048,
        "median": 0.0291071217507,
        "min": 9.85919964835e-21,
        "stdev": 0.0436089858413,
        "var": 0.00190174358431
    },
    "spectral_energyband_high": {
        "dmean": 0.000445287267212,
        "dmean2": 0.000643831153866,
        "dvar": 7.59455474508e-07,
        "dvar2": 1.48882668327e-06,
        "max": 0.0109447771683,
        "mean": 0.000833216472529,
        "median": 0.00043659369112,
        "min": 6.67822651958e-21,
        "stdev": 0.00121496699285,
        "var": 1.47614480284e-06
    },
    "spectral_energyband_low": {
        "dmean": 0.0177989657968,
        "dmean2": 0.0258631128818,
        "dvar": 0.000672307156492,
        "dvar2": 0.0014397931518,
        "max": 0.208520263433,
        "mean": 0.0294152777642,
        "median": 0.0116816572845,
        "min": 1.20267438025e-23,
        "stdev": 0.0395080335438,
        "var": 0.00156088476069
    },
    "spectral_energyband_middle_high": {
        "dmean": 0.00308993319049,
        "dmean2": 0.00420272303745,
        "dvar": 2.36129926634e-05,
        "dvar2": 4.56708366983e-05,
        "max": 0.0646200925112,
        "mean": 0.00730160530657,
        "median": 0.00376398256049,
        "min": 1.09126175916e-21,
        "stdev": 0.00895360577852,
        "var": 8.01670539659e-05
    },
    "spectral_energyband_middle_low": {
        "dmean": 0.00564491329715,
        "dmean2": 0.00986684579402,
        "dvar": 0.000173128632014,
        "dvar2": 0.000497912755236,
        "max": 0.103136390448,
        "mean": 0.00779749033973,
        "median": 0.00465039582923,
        "min": 1.41116335974e-22,
        "stdev": 0.01152680628,
        "var": 0.000132867266075
    },
    "spectral_entropy": {
        "dmean": 0.19449172914,
        "dmean2": 0.290138542652,
        "dvar": 0.0490414984524,
        "dvar2": 0.105219073594,
        "max": 9.8357334137,
        "mean": 7.57450723648,
        "median": 7.63029003143,
        "min": 4.6037812233,
        "stdev": 0.649939119816,
        "var": 0.422420859337
    },
    "spectral_flux": {
        "dmean": 0.042115163058,
        "dmean2": 0.0692033320665,
        "dvar": 0.00279823155142,
        "dvar2": 0.00643622502685,
        "max": 0.457067340612,
        "mean": 0.106755040586,
        "median": 0.0906638801098,
        "min": 6.20617099378e-11,
        "stdev": 0.0803962498903,
        "var": 0.0064635570161
    },
    "spectral_kurtosis": {
        "dmean": 1.55444097519,
        "dmean2": 2.60531711578,
        "dvar": 6.98998785019,
        "dvar2": 20.941734314,
        "max": 83.7807235718,
        "mean": 4.99576187134,
        "median": 3.71585798264,
        "min": -1.28078377247,
        "stdev": 6.37870693207,
        "var": 40.6879043579
    },
    "spectral_rms": {
        "dmean": 0.00133245286997,
        "dmean2": 0.00199347850867,
        "dvar": 2.40073632085e-06,
        "dvar2": 4.91733317176e-06,
        "max": 0.0146852647886,
        "mean": 0.00568573875353,
        "median": 0.00532890157774,
        "min": 3.10140801929e-12,
        "stdev": 0.00328768580221,
        "var": 1.08088779598e-05
    },
    "spectral_rolloff": {
        "dmean": 492.044525146,
        "dmean2": 799.61126709,
        "dvar": 689850.25,
        "dvar2": 1507303.75,
        "max": 19789.0136719,
        "mean": 1678.52075195,
        "median": 1012.06054688,
        "min": 43.06640625,
        "stdev": 2945.33837891,
        "var": 8675018
    },
    "spectral_skewness": {
        "dmean": 0.21827507019,
        "dmean2": 0.354172796011,
        "dvar": 0.0640351995826,
        "dvar2": 0.16850015521,
        "max": 7.42623901367,
        "mean": 1.61742007732,
        "median": 1.51780760288,
        "min": -0.252652943134,
        "stdev": 0.699371933937,
        "var": 0.489121109247
    },
    "spectral_spread": {
        "dmean": 672512.875,
        "dmean2": 1008705.875,
        "dvar": 776981184512,
        "dvar2": 1.53493307392e+12,
        "max": 42509640,
        "mean": 5695483,
        "median": 4805463.5,
        "min": 889150.0625,
        "stdev": 5597874.5,
        "var": 3.13361988321e+13
    },
    "spectral_strongpeak": {
        "dmean": 0.511586070061,
        "dmean2": 0.891791701317,
        "dvar": 1.14043796062,
        "dvar2": 2.76336622238,
        "max": 13.0379619598,
        "mean": 0.800517082214,
        "median": 0.342746704817,
        "min": 0,
        "stdev": 1.30001115799,
        "var": 1.69002902508
    },
    "zerocrossingrate": {
        "dmean": 0.0113402754068,
        "dmean2": 0.0134393526241,
        "dvar": 0.000149035491631,
        "dvar2": 0.000186245582881,
        "max": 0.52978515625,
        "mean": 0.0626608133316,
        "median": 0.04833984375,
        "min": 0.00146484375,
        "stdev": 0.0760493427515,
        "var": 0.00578350247815
    },
    "barkbands": {
        "dmean": [0.00261285528541, 0.0159389059991, 0.00310117402114, 0.00277211214416, 0.0011789490236, 0.000839945627376, 0.000478681904497, 0.000423719087848, 0.000825058203191, 0.000855953607243, 0.000888397160452, 0.000575559563003, 0.000471450563055, 0.000397484895075, 0.000406927138101, 0.000313225697028, 0.000343509746017, 0.000288100942271, 0.000283897970803, 0.00018418765103, 0.000125392412883, 0.000102521698864, 6.02123691351e-05, 5.4293715948e-05, 6.3015606429e-05, 3.55203483196e-05, 8.63286686581e-07],
        "dmean2": [0.00367672089487, 0.0242660660297, 0.00551732862368, 0.00525833573192, 0.00215782527812, 0.00126828777138, 0.000749146332964, 0.000645357824396, 0.00123012904078, 0.00130491447635, 0.00133943301626, 0.000876655743923, 0.000730862666387, 0.000592611089814, 0.00062564277323, 0.00046778289834, 0.000512239173986, 0.000423085526563, 0.000425226840889, 0.000285697635263, 0.000191740429727, 0.00015355044161, 9.00472077774e-05, 8.06368479971e-05, 9.4790411822e-05, 5.58642204851e-05, 1.36013818519e-06],
        "dvar": [2.02300889214e-05, 0.000680326775182, 9.26415013964e-05, 8.60912332428e-05, 1.24378339024e-05, 2.41740622187e-06, 2.46654326475e-06, 1.6248918655e-06, 3.56471514351e-06, 4.58810245618e-06, 4.8925903684e-06, 2.15214640775e-06, 1.28059662075e-06, 1.08165556867e-06, 9.38477342061e-07, 5.16342538504e-07, 5.03561523146e-07, 3.26210056301e-07, 3.07240611619e-07, 1.25215535718e-07, 8.39326901314e-08, 4.49693331461e-08, 1.50952725875e-08, 1.31076349774e-08, 1.01956691978e-08, 3.72722697151e-09, 2.40360292433e-12],
        "dvar2": [3.86828469345e-05, 0.00151618255768, 0.00025043511414, 0.00025009008823, 3.56539858331e-05, 5.24824645254e-06, 5.78197250434e-06, 3.48702019437e-06, 7.68488916947e-06, 9.70518522081e-06, 1.04473128886e-05, 5.13293889526e-06, 2.95553286378e-06, 2.23078131967e-06, 2.19692697101e-06, 1.09705376872e-06, 1.11956433102e-06, 6.51517666483e-07, 6.96774122844e-07, 2.95644809967e-07, 1.90288517388e-07, 9.13906461619e-08, 3.07791303555e-08, 2.75296141439e-08, 2.20406786156e-08, 8.09719402639e-09, 5.28071813707e-12],
        "max": [0.050215434283, 0.194468185306, 0.0817589312792, 0.0681645274162, 0.0326307304204, 0.0493483021855, 0.0378593914211, 0.0259512625635, 0.0474433638155, 0.0495815612376, 0.0445504412055, 0.0515405349433, 0.0197389405221, 0.0223195459694, 0.0174134429544, 0.0166241191328, 0.0125133804977, 0.013744128868, 0.0133781395853, 0.00433647073805, 0.0041355821304, 0.00309367198497, 0.00246407161467, 0.00329265440814, 0.00160826765932, 0.000715881178621, 2.41095785896e-05],
        "mean": [0.00417709257454, 0.0221672710031, 0.00230764457956, 0.0018019384006, 0.00102400768083, 0.0016139105428, 0.000625793240033, 0.00060128577752, 0.00134702515788, 0.00137096957769, 0.00154825265054, 0.000855894526467, 0.000691990950145, 0.000586645153817, 0.000630141701549, 0.000439794297563, 0.000496938475408, 0.00049341970589, 0.000444881501608, 0.000314253731631, 0.000196006643819, 0.000156567708473, 9.46074724197e-05, 8.69537252584e-05, 0.000100718432805, 3.99579948862e-05, 9.04404998892e-07],
        "median": [0.000807948817965, 0.00921307690442, 0.000125967548229, 9.90469707176e-05, 0.000230729259783, 0.00067382468842, 0.000169551989529, 0.00013395541464, 0.000393204682041, 0.000189204511116, 0.000199821661226, 0.000213783234358, 0.000110235327156, 7.88734832895e-05, 0.000114687798487, 0.000100283417851, 0.00012614656589, 0.000141178548802, 0.000158359689522, 0.000119516465929, 7.28882223484e-05, 5.79203333473e-05, 3.7971232814e-05, 3.81034442398e-05, 3.85102794098e-05, 9.90755506791e-06, 1.31163062633e-07],
        "min": [1.37889397988e-25, 2.09087661815e-24, 9.93043055218e-25, 5.42871641741e-25, 4.00761889679e-24, 6.30251308883e-24, 2.95961481762e-24, 4.99608527686e-24, 1.33537206522e-23, 1.3502635503e-23, 1.71994838294e-23, 8.89258128223e-24, 1.6160890072e-23, 2.82397310375e-23, 4.0961690856e-23, 3.81013537889e-23, 5.37688602741e-23, 8.19858531849e-23, 1.17969099666e-22, 1.58542576293e-22, 2.48039073183e-22, 3.11325256288e-22, 3.77733182877e-22, 5.25057639605e-22, 8.41117323502e-22, 1.28284171656e-21, 1.95142044311e-21],
        "stdev": [0.00707292044535, 0.0323643945158, 0.00801022071391, 0.00702743511647, 0.00281848432496, 0.00256599625573, 0.00174552702811, 0.00174267857801, 0.00275430316105, 0.00327091151848, 0.00408657873049, 0.00186412944458, 0.00155013788026, 0.00153034902178, 0.00139476405457, 0.000983308069408, 0.000960886187386, 0.000889949034899, 0.000800447829533, 0.000481929833768, 0.000363016792107, 0.000281322048977, 0.000164219352882, 0.000148986655404, 0.000140776028275, 7.08865991328e-05, 1.78056973255e-06],
        "var": [5.00262030982e-05, 0.00104745407589, 6.41636361252e-05, 4.93848419865e-05, 7.94385414338e-06, 6.58433691569e-06, 3.04686477648e-06, 3.03692854686e-06, 7.58618625696e-06, 1.06988627522e-05, 1.6700127162e-05, 3.47497848452e-06, 2.40292729359e-06, 2.34196795645e-06, 1.94536687559e-06, 9.66894845078e-07, 9.23302252431e-07, 7.92009302586e-07, 6.40716734779e-07, 2.32256368804e-07, 1.31781192181e-07, 7.91420973201e-08, 2.69679940601e-08, 2.21970228864e-08, 1.9817891328e-08, 5.02490982157e-09, 3.17042854643e-12]
    },
    "erbbands": {
        "dmean": [0.862253665924, 2.17538666725, 3.00437140465, 7.38682413101, 6.51175832748, 3.16849756241, 3.4891564846, 8.59550666809, 7.88539648056, 6.37121009827, 11.2969141006, 18.5768318176, 26.470741272, 30.613489151, 24.1567211151, 23.3274593353, 20.7250366211, 21.3701896667, 18.0192737579, 21.0791950226, 15.7766418457, 17.5102825165, 14.879524231, 17.9418144226, 9.7826051712, 7.76064348221, 5.3958735466, 5.24612045288, 4.08449316025, 2.27157139778, 1.82394134998, 1.22089982033, 0.884617328644, 0.707898259163, 0.439090490341, 0.210805758834, 0.0529585778713, 0.00706521328539, 0.000146954582306, 2.58594900515e-05],
        "dmean2": [1.33600819111, 3.2339861393, 5.14170122147, 13.7170200348, 12.2530927658, 5.6975107193, 5.34675931931, 13.0401306152, 12.2858343124, 10.0260305405, 16.909576416, 27.128824234, 39.6781158447, 45.6479187012, 36.106136322, 34.9978141785, 31.4734458923, 31.4510955811, 25.9882297516, 32.5578308105, 23.0113105774, 25.6641387939, 21.0277690887, 26.5765571594, 14.3281965256, 11.9317741394, 8.37131309509, 7.82497167587, 6.14048433304, 3.36438727379, 2.75555157661, 1.83103907108, 1.30876040459, 1.03583562374, 0.687491953373, 0.327454656363, 0.0849536582828, 0.0111132506281, 0.000227521421039, 3.9113627281e-05],
        "dvar": [2.0146074295, 13.8325242996, 77.7698059082, 581.218200684, 474.089752197, 78.8599319458, 40.8353118896, 332.123443604, 615.785949707, 368.13470459, 1031.16333008, 2114.36621094, 4836.66503906, 6626.49267578, 3523.23535156, 3017.89135742, 2463.32226562, 2654.34155273, 1874.46057129, 3550.13012695, 916.078857422, 1302.65136719, 773.575866699, 1345.09130859, 338.561737061, 231.887191772, 121.862731934, 167.820053101, 71.5564422607, 26.0463619232, 13.2755041122, 6.20938634872, 3.74522399902, 1.44278788567, 0.478959560394, 0.12437286973, 0.00873476732522, 0.00014304544311, 5.74573277845e-08, 1.03546515806e-09],
        "dvar2": [4.60275268555, 30.5249214172, 203.435745239, 1658.83276367, 1369.89123535, 225.122436523, 84.4859161377, 713.342956543, 1453.56616211, 853.137756348, 2185.39575195, 4373.36035156, 9743.44335938, 14611.0302734, 7933.49023438, 6850.74316406, 5541.14648438, 5362.89257812, 3699.51074219, 8892.02050781, 1869.12426758, 2882.61767578, 1599.37219238, 2781.86791992, 745.794250488, 521.891174316, 268.038024902, 392.978912354, 149.482971191, 54.3870735168, 27.1434383392, 12.6384010315, 8.20034313202, 3.071185112, 1.08940911293, 0.26840248704, 0.0191250033677, 0.000320348219248, 1.25390911876e-07, 2.18522022699e-09],
        "max": [10.2008628845, 31.8769130707, 66.9557418823, 171.34072876, 156.594070435, 101.997238159, 254.729660034, 590.210571289, 541.68145752, 493.843383789, 648.110412598, 1410.26464844, 1917.05651855, 1811.86486816, 1777.35717773, 1024.4675293, 911.330932617, 1161.80664062, 1176.20422363, 1105.50476074, 548.515930176, 870.05456543, 507.246734619, 1186.94726562, 263.161102295, 215.691299438, 189.948013306, 185.863861084, 144.867721558, 105.034965515, 71.1558151245, 72.672668457, 57.1589355469, 24.2090854645, 9.2195148468, 5.07726335526, 1.23097360134, 0.134954795241, 0.00281947804615, 0.000248389900662],
        "mean": [1.18121349812, 2.81877684593, 2.55988907814, 5.18185472488, 4.4655046463, 3.05214524269, 6.24160051346, 15.3150396347, 11.0360307693, 9.51291465759, 17.3618888855, 31.8425045013, 45.957572937, 59.1367340088, 38.7955856323, 37.5648117065, 32.9446144104, 34.7125663757, 31.1542396545, 30.5390777588, 26.0236968994, 26.7349510193, 26.199464798, 30.5996704102, 16.6284122467, 13.5572662354, 9.06252574921, 8.02344989777, 6.26142835617, 3.32075405121, 2.82935786247, 1.93621766567, 1.4341173172, 1.2314863205, 0.622659564018, 0.240878030658, 0.0602170564234, 0.0078727947548, 0.000184421485756, 5.80604682909e-05],
        "median": [0.427825629711, 1.19199717045, 0.411045372486, 0.359244346619, 0.496431082487, 0.767499923706, 2.39783453941, 5.05328845978, 3.17379665375, 2.88426351547, 4.38925552368, 9.84373664856, 9.2654876709, 8.6936378479, 7.85032844543, 10.4792785645, 7.10662460327, 6.40895986557, 6.07362651825, 6.47785282135, 7.37546539307, 7.87213850021, 7.60419988632, 9.21080112457, 6.37989711761, 5.35572528839, 3.74181580544, 3.00067305565, 2.28633213043, 1.23173856735, 1.152125597, 0.852626025677, 0.611790716648, 0.472603619099, 0.236156359315, 0.0672363266349, 0.013858191669, 0.00172863411717, 6.65089246468e-05, 4.19960852014e-05],
        "min": [7.32375624508e-23, 4.94299940289e-22, 1.61907468164e-21, 3.4879112582e-21, 2.32110615928e-21, 1.45025473208e-20, 1.4096808768e-20, 3.7981474472e-20, 4.41476697301e-20, 1.29179645964e-19, 1.44369111854e-19, 3.63568600835e-19, 4.38301965185e-19, 6.04564079236e-19, 9.50086003098e-19, 9.8582237691e-19, 1.25316384216e-18, 1.81757181818e-18, 2.11029821566e-18, 3.00373268656e-18, 2.71095872619e-18, 3.05877493888e-18, 4.60010772354e-18, 5.38456569823e-18, 7.4719563876e-18, 7.43899241301e-18, 7.49754852857e-18, 9.52617672081e-18, 1.07380277511e-17, 9.82869569598e-18, 1.06679101321e-17, 1.06527214417e-17, 9.35761550995e-18, 8.48850593932e-18, 5.69469556221e-18, 3.4303672175e-18, 2.28254617052e-18, 9.385491083e-19, 2.06468546043e-19, 2.70140531356e-20],
        "stdev": [1.77892613411, 4.34596776962, 7.69818019867, 18.8266086578, 16.4684562683, 7.51370429993, 10.6924552917, 28.7240791321, 27.5278167725, 26.3677062988, 42.8157653809, 69.1284790039, 113.141227722, 163.21031189, 81.7919082642, 77.860168457, 68.2108001709, 78.4565505981, 75.0075912476, 71.9924697876, 45.6205940247, 50.3010025024, 44.3105506897, 59.3651504517, 26.5452976227, 20.9908847809, 15.0038318634, 15.290356636, 11.2100744247, 6.44476938248, 4.8321928978, 3.31573033333, 2.4647424221, 1.75190019608, 0.891210019588, 0.413049578667, 0.108547464013, 0.0138405198231, 0.000287775503239, 5.26598960278e-05],
        "var": [3.16457819939, 18.8874359131, 59.2619819641, 354.441162109, 271.21005249, 56.4557533264, 114.328598022, 825.072692871, 757.780700684, 695.255981445, 1833.18981934, 4778.74658203, 12800.9375, 26637.6035156, 6689.91650391, 6062.20605469, 4652.71337891, 6155.43017578, 5626.13916016, 5182.91601562, 2081.23852539, 2530.19091797, 1963.42480469, 3524.22094727, 704.652832031, 440.617248535, 225.114974976, 233.795013428, 125.665771484, 41.5350494385, 23.3500900269, 10.9940671921, 6.07495546341, 3.06915450096, 0.794255316257, 0.17060996592, 0.0117825511843, 0.000191559985979, 8.28147435072e-08, 2.77306466678e-09]
    },
    "gfcc": {
        "mean": [-55.0360374451, 74.8165817261, -115.86693573, 30.3171253204, -50.9551544189, 23.8145008087, -25.8683166504, 24.7093009949, -19.1971206665, 12.8863649368, -4.34463596344, 11.1059904099, 0.731521427631],
        "cov": [[54103.6914062, 561.937927246, -3588.91088867, 1931.82092285, -1127.98474121, 1386.68969727, -642.924621582, 1544.3807373, -564.939758301, 917.186523438, -513.56262207, 607.969177246, -324.141326904], [561.937927246, 1611.50732422, 81.6126556396, 16.751663208, 79.8383560181, -64.3524932861, 35.7729377747, -171.91368103, 29.3118171692, -231.875137329, 51.1137390137, -164.28074646, 55.7642860413], [-3588.91088867, 81.6126556396, 1571.05480957, 434.72277832, 330.554962158, 76.6891555786, 143.821289062, -0.893421590328, 126.160964966, -83.40599823, -51.6213912964, -90.818939209, -96.5047149658], [1931.82092285, 16.751663208, 434.72277832, 796.392089844, 220.761810303, 73.8285140991, -20.1218509674, 123.922454834, 151.611190796, 3.95051956177, -50.037361145, 20.3993625641, -36.3091392517], [-1127.98474121, 79.8383560181, 330.554962158, 220.761810303, 433.979187012, 82.2733917236, 118.854774475, 56.8703765869, 119.874420166, 8.59665107727, 0.937770843506, -22.138376236, 37.9592552185], [1386.68969727, -64.3524932861, 76.6891555786, 73.8285140991, 82.2733917236, 342.16204834, 165.289901733, 91.1183013916, 34.1415901184, 64.4067001343, -5.67940425873, 13.6783304214, -34.7373733521], [-642.924621582, 35.7729377747, 143.821289062, -20.1218509674, 118.854774475, 165.289901733, 324.079528809, 89.6195831299, 52.6531867981, 24.5134620667, 58.9214630127, 0.588674604893, 5.55582046509], [1544.3807373, -171.91368103, -0.893421590328, 123.922454834, 56.8703765869, 91.1183013916, 89.6195831299, 304.766448975, 64.7541427612, 97.7323150635, 20.751953125, 58.9151000977, 37.6620407104], [-564.939758301, 29.3118171692, 126.160964966, 151.611190796, 119.874420166, 34.1415901184, 52.6531867981, 64.7541427612, 234.760681152, 28.1694946289, 32.0980567932, 23.1632022858, 23.9961872101], [917.186523438, -231.875137329, -83.40599823, 3.95051956177, 8.59665107727, 64.4067001343, 24.5134620667, 97.7323150635, 28.1694946289, 206.241912842, 59.9657096863, 67.696144104, 27.568611145], [-513.56262207, 51.1137390137, -51.6213912964, -50.037361145, 0.937770843506, -5.67940425873, 58.9214630127, 20.751953125, 32.0980567932, 59.9657096863, 154.683532715, 49.1339187622, 52.5219459534], [607.969177246, -164.28074646, -90.818939209, 20.3993625641, -22.138376236, 13.6783304214, 0.588674604893, 58.9151000977, 23.1632022858, 67.696144104, 49.1339187622, 141.560943604, 38.3685951233], [-324.141326904, 55.7642860413, -96.5047149658, -36.3091392517, 37.9592552185, -34.7373733521, 5.55582046509, 37.6620407104, 23.9961872101, 27.568611145, 52.5219459534, 38.3685951233, 143.536697388]],
        "icov": [[0.000102961457742, -0.000259636290139, 0.000256587663898, -0.000352568313247, 0.000228160293773, -0.000385478750104, 0.000219128967728, -0.000453580665635, 0.000378946278943, -0.000449969171314, 0.000461753079435, -0.000362359191058, 0.000324584485497], [-0.000259636290139, 0.00160919164773, -0.000572554592509, 0.000707962899469, -0.000588347087614, 0.000813728023786, -0.000586367154028, 0.00144449435174, -0.00108851434197, 0.00215703179128, -0.0020477140788, 0.00199042237364, -0.00143624446355], [0.000256587663898, -0.000572554592509, 0.00158936541993, -0.00129304267466, 9.73546921159e-05, -0.000807074538898, 0.000135728419991, -0.00094537565019, 0.000840751745272, -0.00086907990044, 0.00107455009129, -0.000532639212906, 0.00134066026658], [-0.000352568313247, 0.000707962899469, -0.00129304267466, 0.00331940851174, -0.00152072659694, 0.00100096582901, 0.000293184566544, 0.000654765812214, -0.0020553919021, 0.0017067581648, -0.00118478294462, 0.000434000481619, -0.000306327536236], [0.000228160293773, -0.000588347087614, 9.73546921159e-05, -0.00152072659694, 0.00433839205652, -0.00110986689106, -0.000613071606494, -0.000685920298565, -0.000130311454996, -0.00139593379572, 0.00167075626086, 0.000110230146674, -0.00113854289521], [-0.000385478750104, 0.000813728023786, -0.000807074538898, 0.00100096582901, -0.00110986689106, 0.00619257939979, -0.00333641376346, 0.00143241614569, -0.00129236548673, 7.92215505498e-05, -0.00024908373598, 0.000803970731795, 0.000146489110193], [0.000219128967728, -0.000586367154028, 0.000135728419991, 0.000293184566544, -0.000613071606494, -0.00333641376346, 0.00633399235085, -0.00247613666579, 0.00050140474923, 0.000253913371125, -0.00165202480275, -0.000301313586533, 0.00119974080008], [-0.000453580665635, 0.00144449435174, -0.00094537565019, 0.000654765812214, -0.000685920298565, 0.00143241614569, -0.00247613666579, 0.00710924668238, -0.00215677311644, 0.000409480126109, -0.00110452005174, 0.00105381000321, -0.00289255077951], [0.000378946278943, -0.00108851434197, 0.000840751745272, -0.0020553919021, -0.000130311454996, -0.00129236548673, 0.00050140474923, -0.00215677311644, 0.00712113222107, -0.00188208126929, 0.000799330999143, -0.00186004699208, 0.000967882049736], [-0.000449969171314, 0.00215703179128, -0.00086907990044, 0.0017067581648, -0.00139593379572, 7.92215505498e-05, 0.000253913371125, 0.000409480126109, -0.00188208126929, 0.0104814376682, -0.00547140417621, 0.000881461775862, -0.00166771223303], [0.000461753079435, -0.0020477140788, 0.00107455009129, -0.00118478294462, 0.00167075626086, -0.00024908373598, -0.00165202480275, -0.00110452005174, 0.000799330999143, -0.00547140417621, 0.0130034936592, -0.00464307982475, -0.000487090030219], [-0.000362359191058, 0.00199042237364, -0.000532639212906, 0.000434000481619, 0.000110230146674, 0.000803970731795, -0.000301313586533, 0.00105381000321, -0.00186004699208, 0.000881461775862, -0.00464307982475, 0.0124514419585, -0.00342708500102], [0.000324584485497, -0.00143624446355, 0.00134066026658, -0.000306327536236, -0.00113854289521, 0.000146489110193, 0.00119974080008, -0.00289255077951, 0.000967882049736, -0.00166771223303, -0.000487090030219, -0.00342708500102, 0.0113836182281]]
    },
    "melbands": {
        "dmean": [0.00571933714673, 0.00158295023721, 0.00120852980763, 0.000326813722495, 0.000112832349259, 0.000183184951311, 0.000113984307973, 7.11614557076e-05, 0.000102380581666, 0.000123014411656, 0.000131806780701, 0.000119349606393, 9.43127743085e-05, 6.34393145447e-05, 5.27818592673e-05, 5.0332666433e-05, 4.19016942033e-05, 3.09012866637e-05, 2.8185060728e-05, 2.84203233605e-05, 1.90134051081e-05, 2.11974147533e-05, 1.5972120309e-05, 1.17824693007e-05, 1.63015010912e-05, 7.86832970334e-06, 7.21675041859e-06, 5.26836720383e-06, 3.9182123146e-06, 2.91745027425e-06, 3.10657173941e-06, 2.71280464403e-06, 1.61031914558e-06, 1.14084457437e-06, 1.10521079932e-06, 9.63106231211e-07, 7.35581636491e-07, 6.37616608401e-07, 6.61179512917e-07, 6.15647536506e-07],
        "dmean2": [0.00881709437817, 0.00225068163127, 0.00222268956713, 0.000608992297202, 0.000174734057509, 0.000277777260635, 0.000176254005055, 0.00011092920613, 0.000153039654833, 0.000180812872713, 0.000197769637452, 0.000179358452442, 0.000142563294503, 9.63685670285e-05, 7.93613144197e-05, 7.6940683357e-05, 6.18478879915e-05, 4.49278522865e-05, 4.36676855315e-05, 4.37308444816e-05, 2.78745046671e-05, 3.19793471135e-05, 2.29873057833e-05, 1.7666585336e-05, 2.46305353357e-05, 1.16696573969e-05, 1.12929346869e-05, 8.22597667138e-06, 6.22190418653e-06, 4.40705753135e-06, 4.70918575957e-06, 4.09387985201e-06, 2.49714003075e-06, 1.68686949564e-06, 1.69760869539e-06, 1.47798130001e-06, 1.10162000055e-06, 9.62310991781e-07, 9.88794795376e-07, 9.15521866318e-07],
        "dvar": [8.82486638147e-05, 1.03728743852e-05, 1.524934396e-05, 1.07298058083e-06, 4.31626503428e-08, 1.34564530185e-07, 1.2467970123e-07, 4.6206029225e-08, 7.83552849271e-08, 9.25365952753e-08, 1.21980477275e-07, 1.02158857374e-07, 5.10936004616e-08, 2.89893833383e-08, 1.80026358265e-08, 1.46223939623e-08, 1.21448060497e-08, 6.64603749811e-09, 4.82826001402e-09, 5.27301358133e-09, 1.39099431973e-09, 1.86666837543e-09, 1.02219499531e-09, 4.91422569304e-10, 1.21111454199e-09, 2.53894710811e-10, 2.30749877539e-10, 1.10982271984e-10, 6.14362102858e-11, 4.01112927595e-11, 6.1533972362e-11, 3.02379302153e-11, 1.35673920015e-11, 6.58520720592e-12, 5.08856195028e-12, 3.78033021553e-12, 2.46610024068e-12, 2.14263893086e-12, 1.72767041558e-12, 1.02268963697e-12],
        "dvar2": [0.000199755479116, 2.25883613894e-05, 4.32070810348e-05, 3.10026757688e-06, 9.58004662266e-08, 2.92728714157e-07, 2.9243363997e-07, 1.03632402215e-07, 1.63376853379e-07, 1.91208300748e-07, 2.46139592264e-07, 2.2895910945e-07, 1.15602759365e-07, 6.89938062237e-08, 4.27311697138e-08, 3.19609156918e-08, 2.43858995219e-08, 1.31171367102e-08, 1.08202247162e-08, 1.19701795143e-08, 2.82954770725e-09, 4.16650669521e-09, 2.08870942764e-09, 1.09454023622e-09, 2.57647125856e-09, 5.63133817355e-10, 5.83348647165e-10, 2.57086935074e-10, 1.41381212293e-10, 8.97318053195e-11, 1.44668971247e-10, 6.37246783119e-11, 2.92772785182e-11, 1.39226043888e-11, 1.07357213397e-11, 8.05437574275e-12, 5.22949565596e-12, 4.74846420864e-12, 3.98131310905e-12, 2.18060053521e-12],
        "max": [0.0680809542537, 0.0276789683849, 0.0277221109718, 0.0089637665078, 0.00664470903575, 0.01152709499, 0.00801024772227, 0.00531533919275, 0.00579679151997, 0.00920405425131, 0.00950991734862, 0.00671131210402, 0.00382457883097, 0.00602046540007, 0.00314000574872, 0.00231397547759, 0.00264360150322, 0.00221364293247, 0.00175791012589, 0.00170228711795, 0.000634122872725, 0.00112086220179, 0.000631909468211, 0.000448532169685, 0.00106935517397, 0.000389832857763, 0.000215342050069, 0.000144342222484, 0.000138584175147, 9.34096024139e-05, 0.000120891105325, 9.77310191956e-05, 8.32869409351e-05, 4.95172935189e-05, 4.25844846177e-05, 5.88159055042e-05, 4.31719563494e-05, 4.35276160715e-05, 2.50303219218e-05, 2.02974861168e-05],
        "mean": [0.00807995628566, 0.00197658315301, 0.000859502411913, 0.000255339429714, 0.00019554400933, 0.00033363775583, 0.000160097246408, 0.000103418824438, 0.000155365123646, 0.000208725017728, 0.000219558831304, 0.000222296337597, 0.000151725063915, 9.52764603426e-05, 8.19400302134e-05, 7.41013063816e-05, 6.33943418507e-05, 4.90506608912e-05, 4.17679293605e-05, 3.80417659471e-05, 2.96083271678e-05, 3.04770092043e-05, 2.40261906583e-05, 2.06715412787e-05, 2.62990124611e-05, 1.16815153888e-05, 1.12062052722e-05, 8.74002216733e-06, 6.2076019276e-06, 4.59521243101e-06, 4.45750265499e-06, 4.05434411732e-06, 2.19305593419e-06, 1.6173135009e-06, 1.64914683864e-06, 1.43901706906e-06, 1.10669623155e-06, 9.60024408414e-07, 1.09403333681e-06, 1.02263277313e-06],
        "median": [0.00315482751466, 0.000608402537182, 7.20688549336e-05, 4.50996085419e-05, 7.75167209213e-05, 0.000121283468616, 4.54457476735e-05, 2.66687602561e-05, 3.41220802511e-05, 5.97974685661e-05, 3.31314186042e-05, 2.60988563241e-05, 2.35430907196e-05, 2.2167678253e-05, 1.99149981199e-05, 1.06105017039e-05, 9.12287669053e-06, 7.59575186748e-06, 8.06853040558e-06, 7.28005170458e-06, 7.42519159758e-06, 8.11064728623e-06, 6.25988604952e-06, 6.06367348155e-06, 7.17401826478e-06, 4.40116582467e-06, 3.6061294395e-06, 3.26744816448e-06, 2.40542317442e-06, 1.66250515576e-06, 1.54271560859e-06, 1.37011340939e-06, 7.62862214287e-07, 5.72350927541e-07, 6.28859140761e-07, 5.80469020406e-07, 4.65791970328e-07, 3.95856375235e-07, 4.14167317331e-07, 3.76856746698e-07],
        "min": [1.05642319718e-24, 1.23676084303e-24, 7.90813335961e-25, 7.01891800737e-25, 5.33727018216e-25, 8.27579480348e-25, 7.4814956884e-25, 1.57165408957e-24, 1.0001380702e-24, 1.91802989685e-24, 1.97180240324e-24, 1.93176357078e-24, 2.58562828701e-24, 2.46544217266e-24, 2.54716461257e-24, 2.51257523124e-24, 3.06472540564e-24, 3.03858216082e-24, 2.89375499001e-24, 2.24177012932e-24, 3.08193854781e-24, 2.79572502026e-24, 2.9962124416e-24, 4.11803654655e-24, 3.70728535067e-24, 4.55189505607e-24, 4.54973870478e-24, 4.13788744237e-24, 3.7577827038e-24, 4.84042448203e-24, 4.01275911445e-24, 5.00335581339e-24, 4.8145364337e-24, 4.68864014968e-24, 4.50680613331e-24, 5.15614988769e-24, 5.36306179224e-24, 5.61021743588e-24, 6.17899285386e-24, 6.50836436989e-24],
        "stdev": [0.0118549494073, 0.00372320134193, 0.00306830531918, 0.000798235705588, 0.000323821266647, 0.000578827224672, 0.00039572553942, 0.000309283903334, 0.000382992293453, 0.000461354211438, 0.000564606627449, 0.000622892810497, 0.000340702477843, 0.000216984073631, 0.00017861041124, 0.000171069375938, 0.000164944809512, 0.000133503068355, 9.5481518656e-05, 9.33150295168e-05, 5.44146678294e-05, 6.11707873759e-05, 4.50110455859e-05, 3.42812127201e-05, 5.39358879905e-05, 2.09392437682e-05, 2.04151729122e-05, 1.4416281374e-05, 1.02973663161e-05, 8.22927631816e-06, 9.0249322966e-06, 7.27631231712e-06, 4.54112023363e-06, 3.21650213664e-06, 2.90589719043e-06, 2.49178424383e-06, 1.99930718736e-06, 1.80569099939e-06, 1.70448208792e-06, 1.46635807141e-06],
        "var": [0.000140539836138, 1.38622281156e-05, 9.4144979812e-06, 6.37180278318e-07, 1.04860205852e-07, 3.35040937216e-07, 1.56598702006e-07, 9.56565315846e-08, 1.46683092339e-07, 2.12847695025e-07, 3.18780649877e-07, 3.87995470419e-07, 1.16078176404e-07, 4.70820857856e-08, 3.19016777439e-08, 2.92647293065e-08, 2.720678971e-08, 1.78230710191e-08, 9.11672071169e-09, 8.70769500949e-09, 2.96095614694e-09, 3.74186504004e-09, 2.02599426125e-09, 1.1752016027e-09, 2.90907986589e-09, 4.38451913665e-10, 4.16779250001e-10, 2.07829156662e-10, 1.06035749625e-10, 6.77209885391e-11, 8.14494097168e-11, 5.29447215236e-11, 2.06217716514e-11, 1.03458856066e-11, 8.4442383641e-12, 6.20898861839e-12, 3.99722919694e-12, 3.26052010911e-12, 2.90525914957e-12, 2.15020601151e-12]
    },
    "melbands128": {
