{
"lowlevel": {
    "average_loudness": 0.749634504318,
    "barkbands_crest": {
        "dmean": 2.70889616013,
        "dmean2": 4.42997407913,
        "dvar": 6.63673973083,
        "dvar2": 17.5355548859,
        "max": 26.1276187897,
        "mean": 10.7195672989,
        "median": 9.91291427612,
        "min": 2.57758879662,
        "stdev": 4.43731403351,
        "var": 19.6897544861
    },
    "barkbands_flatness_db": {
        "dmean": 0.019322199747,
        "dmean2": 0.0302271340042,
        "dvar": 0.000388970947824,
        "dvar2": 0.000983021687716,
        "max": 0.909470915794,
        "mean": 0.161880329251,
        "median": 0.144827336073,
        "min": 0.0324673205614,
        "stdev": 0.0808660164475,
        "var": 0.00653931219131
    },
    "barkbands_kurtosis": {
        "dmean": 2.46911430359,
        "dmean2": 3.99112296104,
        "dvar": 38.83776474,
        "dvar2": 108.580207825,
        "max": 296.071533203,
        "mean": 3.64331698418,
        "median": 1.96342372894,
        "min": -1.88770711422,
        "stdev": 7.03733491898,
        "var": 49.5240859985
    },
    "barkbands_skewness": {
        "dmean": 0.473095536232,
        "dmean2": 0.733886063099,
        "dvar": 0.277399003506,
        "dvar2": 0.701503872871,
        "max": 13.8403692245,
        "mean": 1.46245193481,
        "median": 1.34743416309,
        "min": -2.10629248619,
        "stdev": 1.03902590275,
        "var": 1.07957470417
    },
    "barkbands_spread": {
        "dmean": 4.24251461029,
        "dmean2": 6.38329315186,
        "dvar": 31.0616226196,
        "dvar2": 59.0263824463,
        "max": 126.334724426,
        "mean": 18.5427074432,
        "median": 16.678943634,
        "min": 0.0419452823699,
        "stdev": 11.0586595535,
        "var": 122.293960571
    },
    "dissonance": {
        "dmean": 0.0231978334486,
        "dmean2": 0.0391169637442,
        "dvar": 0.000515179010108,
        "dvar2": 0.00144960230682,
        "max": 0.500000059605,
        "mean": 0.454443752766,
        "median": 0.463347762823,
        "min": 0.0580468997359,
        "stdev": 0.0369727760553,
        "var": 0.00136698619463
    },
    "dynamic_complexity": 4.52131605148,
    "erbbands_crest": {
        "dmean": 2.56761837006,
        "dmean2": 4.1726231575,
        "dvar": 5.62474870682,
        "dvar2": 14.016412735,
        "max": 29.2296619415,
        "mean": 8.77198028564,
        "median": 7.83942174911,
        "min": 2.55783462524,
        "stdev": 4.00901079178,
        "var": 16.0721683502
    },
    "erbbands_flatness_db": {
        "dmean": 0.0155540620908,
        "dmean2": 0.0225761439651,
        "dvar": 0.000221998605411,
        "dvar2": 0.00047711271327,
        "max": 0.573572933674,
        "mean": 0.175939813256,
        "median": 0.163306206465,
        "min": 0.0546399839222,
        "stdev": 0.0637169703841,
        "var": 0.00405985210091
    },
    "erbbands_kurtosis": {
        "dmean": 1.03211891651,
        "dmean2": 1.63464140892,
        "dvar": 8.36075687408,
        "dvar2": 20.6279621124,
        "max": 253.876647949,
        "mean": 0.926094651222,
        "median": 0.223971128464,
        "min": -1.77112495899,
        "stdev": 4.78636550903,
        "var": 22.9092941284
    },
    "erbbands_skewness": {
        "dmean": 0.330165207386,
        "dmean2": 0.512556552887,
        "dvar": 0.0966776683927,
        "dvar2": 0.222727775574,
        "max": 10.073184967,
        "mean": 0.525847792625,
        "median": 0.464632600546,
        "min": -1.91420698166,
        "stdev": 0.653607070446,
        "var": 0.427202224731
    },
    "erbbands_spread": {
        "dmean": 6.82576942444,
        "dmean2": 10.040719986,
        "dvar": 58.3876800537,
        "dvar2": 115.160903931,
        "max": 140.567993164,
        "mean": 31.9331874847,
        "median": 29.0812683105,
        "min": 0.645968437195,
        "stdev": 16.9078159332,
        "var": 285.874237061
    },
    "hfc": {
        "dmean": 4.77173423767,
        "dmean2": 6.63221120834,
        "dvar": 44.3855361938,
        "dvar2": 78.0546340942,
        "max": 115.504676819,
        "mean": 19.4971561432,
        "median": 15.8383369446,
        "min": 1.07153201543e-16,
        "stdev": 17.5530872345,
        "var": 308.110900879
    },
    "loudness_ebu128": {
        "integrated": -19.2538127899,
        "loudness_range": 10.6189632416,
        "momentary": {
            "dmean": 0.677440524101,
            "dmean2": 0.817806959152,
            "dvar": 10.0079288483,
            "dvar2": 12.9424724579,
            "max": -15.5112228394,
            "mean": -22.5913982391,
            "median": -19.7136077881,
            "min": -300.691009521,
            "stdev": 14.6109104156,
            "var": 213.47869873
        },
        "short_term": {
            "dmean": 0.0914036482573,
            "dmean2": 0.0734035000205,
            "dvar": 0.00723047368228,
            "dvar2": 0.00509166158736,
            "max": -16.3584537506,
            "mean": -21.3284721375,
            "median": -19.7236213684,
            "min": -38.4316482544,
            "stdev": 4.85677099228,
            "var": 23.588224411
        }
    },
    "melbands_crest": {
        "dmean": 3.22436738014,
        "dmean2": 5.22339296341,
        "dvar": 9.59057331085,
        "dvar2": 24.5991020203,
        "max": 35.9618186951,
        "mean": 14.6055269241,
        "median": 13.8342475891,
        "min": 1.62490558624,
        "stdev": 5.86746549606,
        "var": 34.4271507263
    },
    "melbands_flatness_db": {
        "dmean": 0.021937744692,
        "dmean2": 0.0337141826749,
        "dvar": 0.000520483008586,
        "dvar2": 0.00126189482398,
        "max": 1,
        "mean": 0.226859807968,
        "median": 0.207390218973,
        "min": 0.0023610428907,
        "stdev": 0.100126862526,
        "var": 0.0100253885612
    },
    "melbands_kurtosis": {
        "dmean": 5.13044881821,
        "dmean2": 8.21078491211,
        "dvar": 183.32081604,
        "dvar2": 518.978881836,
        "max": 843.192504883,
        "mean": 9.71527957916,
        "median": 5.68877315521,
        "min": -1.54859387875,
        "stdev": 14.6185655594,
        "var": 213.702468872
    },
    "melbands_skewness": {
        "dmean": 0.631801247597,
        "dmean2": 0.975920975208,
        "dvar": 0.458053082228,
        "dvar2": 1.13679218292,
        "max": 17.9005279541,
        "mean": 2.23737025261,
        "median": 2.02495718002,
        "min": -1.50766861439,
        "stdev": 1.39870083332,
        "var": 1.95636403561
    },
    "melbands_spread": {
        "dmean": 4.76972866058,
        "dmean2": 7.3388838768,
        "dvar": 33.4311485291,
        "dvar2": 68.8479995728,
        "max": 160.041122437,
        "mean": 19.7365627289,
        "median": 17.5702648163,
        "min": 0.182561859488,
        "stdev": 13.0040102005,
        "var": 169.104278564
    },
    "pitch_salience": {
        "dmean": 0.0709429606795,
        "dmean2": 0.116799421608,
        "dvar": 0.00463616801426,
        "dvar2": 0.0122563494369,
        "max": 0.892411768436,
        "mean": 0.526487410069,
        "median": 0.531485497952,
        "min": 0.0454456061125,
        "stdev": 0.118286021054,
        "var": 0.0139915831387
    },
    "silence_rate_20dB": {
        "dmean": 0,
        "dmean2": 0,
        "dvar": 0,
        "dvar2": 0,
        "max": 1,
        "mean": 1,
        "median": 1,
        "min": 1,
        "stdev": 0,
        "var": 0
    },
    "silence_rate_30dB": {
        "dmean": 0.0155703285709,
        "dmean2": 0.0311433821917,
        "dvar": 0.0153289120644,
        "dvar2": 0.0376997478306,
        "max": 1,
        "mean": 0.984868347645,
        "median": 1,
        "min": 0,
        "stdev": 0.122076265514,
        "var": 0.0149026140571
    },
    "silence_rate_60dB": {
        "dmean": 0.0169699098915,
        "dmean2": 0.0339427888393,
        "dvar": 0.0166825857013,
        "dvar2": 0.0373455882072,
        "max": 1,
        "mean": 0.141345232725,
        "median": 0,
        "min": 0,
        "stdev": 0.348401248455,
        "var": 0.121383421123
    },
    "spectral_centroid": {
        "dmean": 187.984313965,
        "dmean2": 277.614105225,
        "dvar": 53714.3945312,
        "dvar2": 99264.3203125,
        "max": 11651.0126953,
        "mean": 1181.62219238,
        "median": 1119.34423828,
        "min": 66.8232955933,
        "stdev": 747.472717285,
        "var": 558715.4375
    },
    "spectral_complexity": {
        "dmean": 3.13995790482,
        "dmean2": 4.70650005341,
        "dvar": 11.9948472977,
        "dvar2": 21.7928791046,
        "max": 63,
        "mean": 18.749671936,
        "median": 18,
        "min": 0,
        "stdev": 11.2408103943,
        "var": 126.355819702
    },
    "spectral_decrease": {
        "dmean": 2.28265761848e-09,
        "dmean2": 3.64317553903e-09,
        "dvar": 1.12480094141e-17,
        "dvar2": 2.80103108483e-17,
        "max": 1.50701851477e-28,
        "mean": -8.2434530313e-09,
        "median": -6.14805317767e-09,
        "min": -4.72965098197e-08,
        "stdev": 7.44332018243e-09,
        "var": 5.54030122554e-17
    },
    "spectral_energy": {
        "dmean": 0.00888390373439,
        "dmean2": 0.0141148110852,
        "dvar": 0.000166326004546,
        "dvar2": 0.000409668282373,
        "max": 0.182782486081,
        "mean": 0.0328811369836,
        "median": 0.0248620603234,
        "min": 9.86576701005e-21,
        "stdev": 0.0292706750333,
        "var": 0.000856772414409
    },
    "spectral_energyband_high": {
        "dmean": 0.000250149110798,
        "dmean2": 0.000330969312927,
        "dvar": 1.68227060726e-07,
        "dvar2": 2.69652247198e-07,
        "max": 0.00707877939567,
        "mean": 0.000683004967868,
        "median": 0.000372294423869,
        "min": 6.80824331756e-21,
        "stdev": 0.000867629947606,
        "var": 7.52781772917e-07
    },
    "spectral_energyband_low": {
        "dmean": 0.00642791716382,
        "dmean2": 0.0107215279713,
        "dvar": 0.00015237282787,
        "dvar2": 0.000401597702876,
        "max": 0.14197409153,
        "mean": 0.0154541507363,
        "median": 0.00577878253534,
        "min": 2.18006081447e-23,
        "stdev": 0.0207336135209,
        "var": 0.000429882697063
    },
    "spectral_energyband_middle_high": {
        "dmean": 0.00241328496486,
        "dmean2": 0.00356631889008,
        "dvar": 1.56544392667e-05,
        "dvar2": 3.45923144778e-05,
        "max": 0.0703246071935,
        "mean": 0.00670240586624,
        "median": 0.00382027612068,
        "min": 1.3002697618e-21,
        "stdev": 0.00809060875326,
        "var": 6.54579489492e-05
    },
    "spectral_energyband_middle_low": {
        "dmean": 0.00414623599499,
        "dmean2": 0.00660425098613,
        "dvar": 3.72830218112e-05,
        "dvar2": 9.28746303543e-05,
        "max": 0.0794944539666,
        "mean": 0.0111938361079,
        "median": 0.00915790908039,
        "min": 1.9604554122e-22,
        "stdev": 0.0100665343925,
        "var": 0.000101335121144
    },
    "spectral_entropy": {
        "dmean": 0.127945229411,
        "dmean2": 0.182855695486,
        "dvar": 0.018351553008,
        "dvar2": 0.0337297357619,
        "max": 9.82148551941,
        "mean": 7.48249435425,
        "median": 7.58082103729,
        "min": 3.00162601471,
        "stdev": 0.594715893269,
        "var": 0.353687018156
    },
    "spectral_flux": {
        "dmean": 0.0226417053491,
        "dmean2": 0.0368556305766,
        "dvar": 0.000835088198073,
        "dvar2": 0.00201277364977,
        "max": 0.342934399843,
        "mean": 0.0826289132237,
        "median": 0.0748905166984,
        "min": 6.34479205286e-11,
        "stdev": 0.0555417351425,
        "var": 0.00308488449082
    },
    "spectral_kurtosis": {
        "dmean": 5.10904788971,
        "dmean2": 8.9906578064,
        "dvar": 1066.57080078,
        "dvar2": 3308.5378418,
        "max": 1263.08032227,
        "mean": 11.9256649017,
        "median": 4.14131259918,
        "min": -1.24157488346,
        "stdev": 48.7905845642,
        "var": 2380.52124023
    },
    "spectral_rms": {
        "dmean": 0.000688883243129,
        "dmean2": 0.00107109406963,
        "dvar": 6.88145235017e-07,
        "dvar2": 1.58152499807e-06,
        "max": 0.0133538153023,
        "mean": 0.00499751418829,
        "median": 0.00492500467226,
        "min": 3.10244083028e-12,
        "stdev": 0.00266531039961,
        "var": 7.10387939762e-06
    },
    "spectral_rolloff": {
        "dmean": 330.379455566,
        "dmean2": 539.149108887,
        "dvar": 654799.4375,
        "dvar2": 1286842.5,
        "max": 19509.0820312,
        "mean": 1171.87390137,
        "median": 882.861328125,
        "min": 43.06640625,
        "stdev": 1589.48999023,
        "var": 2526478.25
    },
    "spectral_skewness": {
        "dmean": 0.316297262907,
        "dmean2": 0.519200146198,
        "dvar": 0.57288390398,
        "dvar2": 1.75849866867,
        "max": 28.587972641,
        "mean": 1.91595816612,
        "median": 1.55722606182,
        "min": -0.0618500523269,
        "stdev": 1.9376052618,
        "var": 3.75431394577
    },
    "spectral_spread": {
        "dmean": 476563.9375,
        "dmean2": 650110,
        "dvar": 693145567232,
        "dvar2": 995649126400,
        "max": 42571680,
        "mean": 4324023.5,
        "median": 4032713.25,
        "min": 94081.265625,
        "stdev": 2877391.5,
        "var": 8.27938203238e+12
    },
    "spectral_strongpeak": {
        "dmean": 0.461586475372,
        "dmean2": 0.784429132938,
        "dvar": 0.707785069942,
        "dvar2": 1.77794075012,
        "max": 9.50378894806,
        "mean": 0.841917991638,
        "median": 0.431285709143,
        "min": 0,
        "stdev": 1.12353730202,
        "var": 1.2623360157
    },
    "zerocrossingrate": {
        "dmean": 0.00801845639944,
        "dmean2": 0.00918661616743,
        "dvar": 0.00014836039918,
        "dvar2": 0.000142688164487,
        "max": 0.517578125,
        "mean": 0.0497255064547,
        "median": 0.04296875,
        "min": 0.001953125,
        "stdev": 0.0410818308592,
        "var": 0.0016877168091
    },
    "barkbands": {
        "dmean": [0.000398711563321, 0.005248604808, 0.0029643450398, 0.00120337109547, 0.00142837269232, 0.000917100405786, 0.000470519036753, 0.00118243531324, 0.00130638550036, 0.000893889751751, 0.000968284672126, 0.000598062644713, 0.000437027803855, 0.000362184480764, 0.000241170157096, 0.000172216125065, 0.000129553547595, 0.000132787972689, 0.000123690115288, 9.20331513043e-05, 9.23191037145e-05, 4.76642526337e-05, 3.66599888366e-05, 3.67973880202e-05, 4.31259468314e-05, 1.63380609592e-05, 2.56293674283e-07],
        "dmean2": [0.000582208274864, 0.00858792010695, 0.0051267198287, 0.00198951736093, 0.00232053804211, 0.00140934053343, 0.000747258600313, 0.00186971959192, 0.00211227289401, 0.00138152949512, 0.00151954835746, 0.000960810284596, 0.000698798219673, 0.000576568243559, 0.000384178565582, 0.000280338485027, 0.000204850759474, 0.000204477779334, 0.000191138111404, 0.000136333183036, 0.000134243295179, 6.56160191284e-05, 4.89153862873e-05, 4.95749263791e-05, 5.85761881666e-05, 2.18983241211e-05, 4.02054638471e-07],
        "dvar": [1.01725925106e-06, 0.000113940441224, 7.7022035839e-05, 7.49675291445e-06, 7.7012600741e-06, 3.6813337374e-06, 1.35780953769e-06, 5.38342555956e-06, 5.66819608139e-06, 3.64762786376e-06, 6.83299913362e-06, 2.0286763629e-06, 1.29773525259e-06, 6.27499161965e-07, 2.34973839497e-07, 1.23180484479e-07, 8.523858952e-08, 8.17834617806e-08, 5.65971198796e-08, 2.66053028497e-08, 2.32927970245e-08, 7.21990733865e-09, 6.17506445977e-09, 1.21663301655e-08, 1.51021861683e-08, 3.76223319165e-09, 1.30480608956e-12],
        "dvar2": [2.14569240597e-06, 0.000293578166747, 0.000206641721888, 2.00062968361e-05, 1.97690205823e-05, 8.22598940431e-06, 3.27583347826e-06, 1.27720422824e-05, 1.43547231346e-05, 8.0945155787e-06, 1.64974153449e-05, 4.44259512733e-06, 3.24896518578e-06, 1.49752577272e-06, 5.74346643134e-07, 3.04586762923e-07, 1.87337278135e-07, 1.76324732593e-07, 1.27815070528e-07, 5.99738143592e-08, 4.85940212513e-08, 1.36530751149e-08, 1.10211431092e-08, 2.22244871395e-08, 2.57454075836e-08, 6.27054763669e-09, 3.18236257658e-12],
        "max": [0.0129529684782, 0.114809006453, 0.108334198594, 0.0408146344125, 0.037647344172, 0.0434039272368, 0.0293991230428, 0.0662988200784, 0.0472251735628, 0.0427394844592, 0.052182611078, 0.0532021708786, 0.0360123701394, 0.0183862950653, 0.0125567028299, 0.00742043554783, 0.00879360176623, 0.00609075278044, 0.00502269621938, 0.00337472138926, 0.00260444520973, 0.00143725832459, 0.0022463616915, 0.00265458365902, 0.0031007709913, 0.00178212195169, 4.50776096841e-05],
        "mean": [0.000557663850486, 0.0106405504048, 0.00327213364653, 0.001749265939, 0.00257384683937, 0.00176048174035, 0.00081800139742, 0.00184825086035, 0.00213532196358, 0.0015100868186, 0.00151646696031, 0.0010130177252, 0.000697776267771, 0.000584881927352, 0.000410970154917, 0.000297201477224, 0.00023141404381, 0.000247585121542, 0.000249405187787, 0.000209827136132, 0.000209232544876, 0.000100707271486, 6.71280358802e-05, 6.75633418723e-05, 8.30824646982e-05, 2.89323561447e-05, 3.00601953995e-07],
        "median": [6.01481733611e-05, 0.00224414165132, 0.00100566900801, 0.000492392922752, 0.00133910705335, 0.000693104462698, 0.000324993947288, 0.000815578910988, 0.000876709120348, 0.000493322615512, 0.000323557993397, 0.000375308736693, 0.000226004252909, 0.000231868238188, 0.000166980695212, 0.00014505154104, 0.0001107310527, 0.000117151321319, 0.000123898265883, 0.000101845726022, 0.000101168974652, 4.70678787678e-05, 1.82953845069e-05, 1.48236131281e-05, 2.05662054213e-05, 4.13399811805e-06, 1.05234976289e-08],
        "min": [7.49147872315e-25, 4.99279454359e-24, 9.53741709097e-25, 2.10004298465e-24, 8.94739370451e-24, 1.92803853014e-23, 5.84607659135e-24, 9.06585694665e-24, 1.89551458388e-23, 1.46862502938e-23, 1.50182755379e-23, 3.41948956536e-23, 3.51355807286e-23, 3.08531988175e-23, 3.58737431212e-23, 7.52036120859e-23, 8.77641520305e-23, 1.26600828313e-22, 1.12109339888e-22, 1.68741020563e-22, 2.69843264334e-22, 3.06887718059e-22, 3.76361700862e-22, 5.65705407997e-22, 8.40183817061e-22, 1.45763996457e-21, 1.9628295175e-21],
        "stdev": [0.00125208054669, 0.0163322202861, 0.00780530693009, 0.00310553889722, 0.00362224155106, 0.00323463883251, 0.00175087817479, 0.00310132512823, 0.0033083546441, 0.00298672239296, 0.00390122644603, 0.00208312692121, 0.00166240986437, 0.00110975583084, 0.000691883207764, 0.000475190987345, 0.000431056920206, 0.000440019852249, 0.000377687625587, 0.000306790287141, 0.000279860454611, 0.00014505222498, 0.000131127526402, 0.000183649623068, 0.000205290940357, 0.000101458215795, 1.34983429234e-06],
        "var": [1.56770568083e-06, 0.000266741437372, 6.09228191024e-05, 9.64437185758e-06, 1.31206343212e-05, 1.04628888948e-05, 3.06557444674e-06, 9.61821751844e-06, 1.09452112156e-05, 8.9205104814e-06, 1.52195671035e-05, 4.33941795563e-06, 2.76360651696e-06, 1.23155791698e-06, 4.78702361306e-07, 2.25806488174e-07, 1.85810080211e-07, 1.93617466948e-07, 1.42647948564e-07, 9.4120274241e-08, 7.83218681022e-08, 2.10401491785e-08, 1.71944272154e-08, 3.37271863771e-08, 4.21443715481e-08, 1.02937693924e-08, 1.82205249152e-12]
    },
    "erbbands": {
        "dmean": [0.207422211766, 1.06899034977, 2.71246600151, 3.97792863846, 4.21498823166, 4.9045715332, 6.66236829758, 7.95521831512, 5.97159433365, 12.5040826797, 27.893693924, 24.1261425018, 31.163476944, 27.8222637177, 32.9483528137, 17.3807506561, 20.0110530853, 15.7238273621, 13.058599472, 12.7792644501, 8.55836391449, 7.59525823593, 6.55534362793, 6.99691390991, 4.74736738205, 4.25446796417, 4.7074713707, 2.65771961212, 1.77247619629, 1.42570948601, 0.968087255955, 0.686100363731, 0.688450992107, 0.539487481117, 0.292655289173, 0.111253239214, 0.0225881710649, 0.00197226833552, 4.4227392209e-05, 1.10169630716e-05],
        "dmean2": [0.332616209984, 1.76746726036, 4.61080980301, 6.61260843277, 6.90714931488, 8.06205272675, 10.5753660202, 12.1262207031, 9.29652309418, 19.9765586853, 44.5268554688, 39.3327445984, 47.3934516907, 43.4288787842, 51.7900428772, 27.9059715271, 31.9083881378, 24.5593013763, 20.595369339, 20.5776786804, 13.7815380096, 11.9472894669, 10.0435829163, 10.8092784882, 7.2939081192, 6.2604765892, 7.05529785156, 3.81168031693, 2.46351218224, 1.90162968636, 1.29456448555, 0.9290574193, 0.940449655056, 0.752686560154, 0.399468868971, 0.15211199224, 0.0300443861634, 0.0026779032778, 5.84240915487e-05, 1.68524584296e-05],
        "dvar": [0.21011570096, 4.35316991806, 57.7505264282, 94.9550628662, 91.8905944824, 105.030517578, 168.564910889, 340.653503418, 178.098190308, 960.670288086, 2748.08154297, 1907.41271973, 4364.84130859, 3313.41088867, 5889.95507812, 1188.33984375, 2989.29663086, 1177.34570312, 652.552124023, 763.432922363, 284.209991455, 314.679656982, 233.791717529, 182.936859131, 81.2125167847, 62.4792633057, 64.3758468628, 20.5117855072, 9.94124317169, 7.49173021317, 4.88242530823, 3.72402620316, 4.83864164352, 2.58210659027, 0.741293132305, 0.165322557092, 0.00799538195133, 5.67775277887e-05, 2.40257342909e-08, 2.37771941025e-10],
        "dvar2": [0.509771287441, 11.8658771515, 151.99710083, 246.063354492, 237.266906738, 269.501647949, 400.328369141, 734.875488281, 426.725128174, 2366.97338867, 6583.36669922, 5022.85693359, 9702.8671875, 7879.53662109, 14356.7646484, 2807.16918945, 7350.72705078, 2752.17358398, 1559.7565918, 1879.97607422, 683.987243652, 704.355773926, 515.611633301, 416.937438965, 171.648345947, 140.556167603, 142.423339844, 40.3372459412, 19.1061382294, 12.9987688065, 8.77789211273, 6.96662187576, 8.93975925446, 4.9212269783, 1.26480543613, 0.284298211336, 0.0135056981817, 9.96978851617e-05, 4.04672988452e-08, 5.31462984732e-10],
        "max": [4.92118644714, 23.8318080902, 88.8167724609, 169.134506226, 136.522796631, 197.702026367, 305.590484619, 423.844024658, 539.400024414, 1102.0222168, 1367.6628418, 893.503601074, 1292.48181152, 1092.5871582, 1654.4161377, 974.04473877, 1871.64038086, 707.390441895, 448.053527832, 793.082763672, 431.411529541, 621.806762695, 415.301147461, 251.869766235, 251.444778442, 178.936187744, 155.973480225, 70.0907669067, 55.4057197571, 43.4958953857, 76.2554016113, 44.3118057251, 51.4504089355, 48.1442756653, 21.9460163116, 11.2516307831, 2.30719137192, 0.247752338648, 0.00526689179242, 0.000251323421253],
        "mean": [0.379385590553, 2.11319303513, 3.49234271049, 5.6552438736, 6.65416574478, 8.41998672485, 11.849158287, 15.7019205093, 11.5225543976, 21.3857250214, 45.3323326111, 40.6539535522, 54.8901329041, 49.5039024353, 57.7758407593, 32.9643707275, 34.0031547546, 27.2220115662, 23.8736476898, 22.1915836334, 16.0230998993, 14.250743866, 12.8871059418, 14.1027441025, 10.6687793732, 10.0333061218, 10.7418813705, 6.0250711441, 3.8172621727, 2.70702242851, 1.79264879227, 1.28348171711, 1.24814498425, 1.01509487629, 0.522503197193, 0.196906879544, 0.039300866425, 0.00331009854563, 9.18928999454e-05, 4.25910802733e-05],
        "median": [0.0630814805627, 0.470202922821, 1.26068401337, 1.91559755802, 2.2324616909, 3.72414064407, 6.26601266861, 5.69759511948, 5.65566301346, 9.68083572388, 22.0327281952, 19.823469162, 19.1923618317, 19.4850730896, 20.2530174255, 15.6155881882, 11.9457769394, 10.6823444366, 10.6044502258, 9.63052558899, 8.39037036896, 7.05919599533, 6.49632644653, 6.98250341415, 5.8787689209, 5.01105976105, 4.87421655655, 3.08381175995, 1.90212833881, 0.9313980937, 0.489901721478, 0.305783569813, 0.256433308125, 0.238894030452, 0.114375777543, 0.0334263816476, 0.00482271099463, 0.000361298269127, 2.86455542664e-05, 3.23340682371e-05],
        "min": [1.62120407597e-22, 8.84652297564e-22, 4.26790541733e-21, 6.41875393625e-21, 2.0569568147e-20, 2.88883555464e-20, 1.15586005347e-19, 1.36349040053e-19, 1.0880693711e-19, 1.31181565218e-19, 2.2677844087e-19, 4.98278866847e-19, 3.91429724076e-19, 9.41514033808e-19, 7.67109515699e-19, 1.62734333495e-18, 1.48650229058e-18, 1.45441709199e-18, 2.01124747321e-18, 3.35718303319e-18, 5.97875806996e-18, 6.27175826422e-18, 6.35779952359e-18, 7.67940087752e-18, 7.41081119672e-18, 8.72612597799e-18, 9.47978016025e-18, 1.16961303751e-17, 1.03451541832e-17, 9.56411370524e-18, 1.07737156314e-17, 1.05678965514e-17, 9.4383111146e-18, 8.67876492484e-18, 6.95224625336e-18, 4.7651534168e-18, 2.34148630468e-18, 1.01692664269e-18, 2.64672670406e-19, 2.7148142021e-20],
        "stdev": [0.624132633209, 3.30648303032, 7.22645235062, 10.3547534943, 11.2296609879, 14.4788064957, 18.0149440765, 32.0971870422, 19.8516159058, 42.9275131226, 70.696937561, 58.3095626831, 98.6645736694, 83.778717041, 120.067626953, 52.8891601562, 80.1546783447, 48.6370773315, 37.9332618713, 37.5590591431, 24.8940391541, 26.8211975098, 23.0916748047, 21.4247093201, 15.2077541351, 14.681312561, 14.7956533432, 8.06480407715, 5.37719583511, 4.52866363525, 3.68327307701, 3.24542379379, 3.55211806297, 2.53998732567, 1.38544750214, 0.656287431717, 0.144771039486, 0.0121051846072, 0.000259410677245, 3.75824165531e-05],
        "var": [0.389541506767, 10.9328308105, 52.2216110229, 107.220916748, 126.105278015, 209.63583374, 324.538208008, 1030.22937012, 394.086639404, 1842.77124023, 4998.05712891, 3400.00488281, 9734.69824219, 7018.87402344, 14416.2353516, 2797.26342773, 6424.77246094, 2365.56542969, 1438.93237305, 1410.6829834, 619.713195801, 719.376647949, 533.225463867, 459.018188477, 231.275787354, 215.540939331, 218.911346436, 65.0410614014, 28.9142341614, 20.5087947845, 13.5665006638, 10.5327749252, 12.6175432205, 6.45153570175, 1.91946494579, 0.43071320653, 0.0209586527199, 0.000146535501699, 6.72938966773e-08, 1.41243816643e-09]
    },
    "gfcc": {
        "mean": [-32.5269851685, 118.671386719, -123.632827759, 24.19140625, -57.4621658325, 16.1839351654, -25.1741371155, 12.5741586685, -23.764995575, 5.50618219376, -14.6754751205, -1.92820000648, -3.53623652458],
        "cov": [[21377.875, -3377.28125, -1364.14733887, 1309.4552002, -1296.88000488, 1100.1328125, -717.035583496, 959.93170166, -792.634460449, 590.608215332, -710.077026367, 161.615509033, -182.229568481], [-3377.28125, 2443.11279297, 11.5877323151, -232.996063232, 695.84375, -282.616821289, 519.763793945, -354.738952637, 401.380737305, -261.895294189, 361.447967529, -125.650047302, 93.2233276367], [-1364.14733887, 11.5877323151, 1328.63305664, 74.6897277832, 86.3704681396, 119.576980591, -79.8532714844, 77.7512512207, 59.1644325256, 4.04795980453, -27.3097381592, 22.4250717163, -62.5941047668], [1309.4552002, -232.996063232, 74.6897277832, 545.097167969, 23.3223991394, 127.765800476, 40.5433692932, 63.6869812012, 62.6379394531, -2.30681943893, -6.72891330719, 16.4660320282, -35.1126976013], [-1296.88000488, 695.84375, 86.3704681396, 23.3223991394, 459.839935303, -14.3040790558, 222.187362671, -53.9056968689, 164.164382935, -55.3423652649, 139.924346924, -25.3203639984, 31.2277431488], [1100.1328125, -282.616821289, 119.576980591, 127.765800476, -14.3040790558, 258.084960938, 17.3672370911, 102.206764221, -16.7149467468, 53.6609191895, -17.0514965057, 15.5155973434, -23.0874633789], [-717.035583496, 519.763793945, -79.8532714844, 40.5433692932, 222.187362671, 17.3672370911, 300.209320068, -33.1461372375, 145.025985718, -40.6489143372, 122.813240051, -19.6784877777, 33.6814537048], [959.93170166, -354.738952637, 77.7512512207, 63.6869812012, -53.9056968689, 102.206764221, -33.1461372375, 210.576675415, -18.4587192535, 90.7930297852, -32.6569404602, 30.1005020142, 10.1236352921], [-792.634460449, 401.380737305, 59.1644325256, 62.6379394531, 164.164382935, -16.7149467468, 145.025985718, -18.4587192535, 234.227081299, -33.8839569092, 97.3357772827, 13.1633863449, -6.85167455673], [590.608215332, -261.895294189, 4.04795980453, -2.30681943893, -55.3423652649, 53.6609191895, -40.6489143372, 90.7930297852, -33.8839569092, 131.448028564, -7.21822977066, 26.6664237976, 20.2334461212], [-710.077026367, 361.447967529, -27.3097381592, -6.72891330719, 139.924346924, -17.0514965057, 122.813240051, -32.6569404602, 97.3357772827, -7.21822977066, 167.401748657, 6.70759439468, 41.8737716675], [161.615509033, -125.650047302, 22.4250717163, 16.4660320282, -25.3203639984, 15.5155973434, -19.6784877777, 30.1005020142, 13.1633863449, 26.6664237976, 6.70759439468, 81.6871414185, 10.9792995453], [-182.229568481, 93.2233276367, -62.5941047668, -35.1126976013, 31.2277431488, -23.0874633789, 33.6814537048, 10.1236352921, -6.85167455673, 20.2334461212, 41.8737716675, 10.9792995453, 96.5122451782]],
        "icov": [[0.000197305853362, -0.000409651634982, 0.000354259769665, -0.000519809720572, 0.000367786531569, -0.000699683674611, 0.000421745731728, -0.000684253347572, 0.000552425568458, -0.000483665877255, 0.000507919699885, -0.000441277283244, 0.000417536939494], [-0.000409651634982, 0.00282348552719, -0.000986016006209, 0.00177195109427, -0.00185231748037, 0.00225013494492, -0.00201691687107, 0.00271662464365, -0.00247618742287, 0.00232839281671, -0.00221669487655, 0.00266079930589, -0.00194391678087], [0.000354259769665, -0.000986016006209, 0.00158186198678, -0.000970508321188, 0.000361001031706, -0.00181357597467, 0.00162383413408, -0.00165728887077, 0.00074707105523, -0.000788147503044, 0.00112369854469, -0.0011157351546, 0.00120831362437], [-0.000519809720572, 0.00177195109427, -0.000970508321188, 0.0038637581747, -0.00134207715746, 0.00106319657061, -0.00154433061834, 0.00181086047087, -0.00263513298705, 0.00233673094772, -0.00147271284368, 0.00151353154797, -0.00108937779441], [0.000367786531569, -0.00185231748037, 0.000361001031706, -0.00134207715746, 0.00543950777501, -0.0016787975328, -0.000480527814943, -0.00173967448063, 0.00070637522731, -0.00110565440264, 0.000263670197455, -0.000739776121918, 0.000669757078867], [-0.000699683674611, 0.00225013494492, -0.00181357597467, 0.00106319657061, -0.0016787975328, 0.00899957399815, -0.0038255979307, 0.000873366603628, -0.000734957749955, 0.00082396180369, -0.00246395450085, 0.00166592025198, 0.000310157687636], [0.000421745731728, -0.00201691687107, 0.00162383413408, -0.00154433061834, -0.000480527814943, -0.0038255979307, 0.00938836857677, -0.00215827161446, -0.000984487240203, -0.0004301838635, -0.000288427458145, -5.71784876229e-05, -0.000421944161644], [-0.000684253347572, 0.00271662464365, -0.00165728887077, 0.00181086047087, -0.00173967448063, 0.000873366603628, -0.00215827161446, 0.0116755021736, -0.00378174846992, -0.00205906084739, -0.000567865441553, 0.00193979148753, -0.00384282274172], [0.000552425568458, -0.00247618742287, 0.00074707105523, -0.00263513298705, 0.00070637522731, -0.000734957749955, -0.000984487240203, -0.00378174846992, 0.0111367190257, -0.00153607397806, -0.000629878311884, -0.00500818900764, 0.00525225093588], [-0.000483665877255, 0.00232839281671, -0.000788147503044, 0.00233673094772, -0.00110565440264, 0.00082396180369, -0.0004301838635, -0.00205906084739, -0.00153607397806, 0.0147797120735, -0.00380328809842, 0.000649645749945, -0.00353366928175], [0.000507919699885, -0.00221669487655, 0.00112369854469, -0.00147271284368, 0.000263670197455, -0.00246395450085, -0.000288427458145, -0.000567865441553, -0.000629878311884, -0.00380328809842, 0.0134883131832, -0.00323879555799, -0.00195243675262], [-0.000441277283244, 0.00266079930589, -0.0011157351546, 0.00151353154797, -0.000739776121918, 0.00166592025198, -5.71784876229e-05, 0.00193979148753, -0.00500818900764, 0.000649645749945, -0.00323879555799, 0.0173577535897, -0.00418309122324], [0.000417536939494, -0.00194391678087, 0.00120831362437, -0.00108937779441, 0.000669757078867, 0.000310157687636, -0.000421944161644, -0.00384282274172, 0.00525225093588, -0.00353366928175, -0.00195243675262, -0.00418309122324, 0.0162592567503]]
    },
    "melbands": {
        "dmean": [0.0016107019037, 0.00118906109128, 0.000656430376694, 0.000302924891002, 0.000234888168052, 0.00017327797832, 9.02467072592e-05, 0.000173926178832, 0.000233963844948, 0.000156164955115, 0.000162119002198, 0.000118764735817, 0.000135349066113, 7.19653107808e-05, 4.28672065027e-05, 4.24114114139e-05, 3.07967384288e-05, 2.55492814176e-05, 2.01083785214e-05, 1.36745202326e-05, 1.03455686258e-05, 8.71828615345e-06, 6.77246043779e-06, 6.58740282233e-06, 6.12372105024e-06, 4.62375464849e-06, 2.98411464428e-06, 3.1244467209e-06, 3.50605728272e-06, 2.35598440668e-06, 1.4509215589e-06, 1.05631022507e-06, 9.87086309578e-07, 8.09014977676e-07, 6.12113694842e-07, 4.6736852255e-07, 4.31715136529e-07, 4.95939559642e-07, 5.36880634172e-07, 4.61375748273e-07],
        "dmean2": [0.00259802048095, 0.00199120817706, 0.0010734021198, 0.000499173707794, 0.000373755436158, 0.000264037866145, 0.000141266908031, 0.000276571983704, 0.000379240897018, 0.000252364698099, 0.000246450217674, 0.000184606702533, 0.000212504848605, 0.000115733753773, 6.89390144544e-05, 6.69741202728e-05, 4.80455819343e-05, 4.07565239584e-05, 3.21115039696e-05, 2.2401829483e-05, 1.67168473126e-05, 1.39724434121e-05, 1.05724966488e-05, 1.02054727904e-05, 9.60079523793e-06, 7.27822725821e-06, 4.60962110083e-06, 4.72196825285e-06, 5.35079925612e-06, 3.56306009053e-06, 2.13852536035e-06, 1.51834399276e-06, 1.43004660913e-06, 1.10769781259e-06, 8.42112797272e-07, 6.64930325911e-07, 5.99520376454e-07, 6.93848903666e-07, 7.61107514791e-07, 6.59986312712e-07],
        "dvar": [1.14203467092e-05, 7.58744999985e-06, 2.30510158872e-06, 3.97984422307e-07, 1.89968702102e-07, 1.47205795997e-07, 3.7683150822e-08, 1.41809721299e-07, 1.89791776961e-07, 7.71677619582e-08, 1.15074257678e-07, 5.55879502429e-08, 1.26128085753e-07, 3.25011129121e-08, 1.09893640854e-08, 1.29940964655e-08, 5.22269427705e-09, 2.88294343953e-09, 1.85762272231e-09, 9.47061207235e-10, 4.33784508314e-10, 4.53528825606e-10, 2.87593504567e-10, 2.05610584114e-10, 1.45497100479e-10, 8.31430480019e-11, 3.08897733781e-11, 3.66406661956e-11, 3.71967456836e-11, 1.68651238808e-11, 6.63984275548e-12, 3.42873234145e-12, 3.58003470619e-12, 2.61477666776e-12, 1.88918520584e-12, 1.8698619042e-12, 1.64237492963e-12, 2.88020041844e-12, 2.79196392568e-12, 1.96644285057e-12],
        "dvar2": [2.83125609712e-05, 1.99123514903e-05, 5.90987383475e-06, 1.04751586605e-06, 4.53106594023e-07, 3.19610734323e-07, 9.03188990264e-08, 3.49778218833e-07, 4.69712233553e-07, 1.97667731072e-07, 2.56122802966e-07, 1.30298914769e-07, 3.08546788119e-07, 7.32158937922e-08, 2.82041661137e-08, 3.09155652189e-08, 1.1870030292e-08, 7.03577507366e-09, 4.51412551783e-09, 2.39924946577e-09, 1.04759001474e-09, 1.03625552583e-09, 6.68881783294e-10, 4.56811782845e-10, 3.44998002388e-10, 1.92723170755e-10, 6.74887298824e-11, 8.67695013063e-11, 8.48243628115e-11, 3.7821797777e-11, 1.3801462577e-11, 6.90279474205e-12, 7.49622499491e-12, 4.85168806172e-12, 3.57340459306e-12, 3.70321872126e-12, 3.25129463283e-12, 5.7361945055e-12, 5.58570117243e-12, 4.00737255879e-12],
        "max": [0.0372451655567, 0.0343074724078, 0.0251868646592, 0.00999222137034, 0.00990837533027, 0.00850879307836, 0.00683568511158, 0.011610086076, 0.00891106389463, 0.00484635587782, 0.00683727487922, 0.00431579025462, 0.00777606898919, 0.00656955409795, 0.00299853412434, 0.00306412251666, 0.00166727975011, 0.000977883348241, 0.00138352846261, 0.000664836203214, 0.000525918847416, 0.000792902312241, 0.000467204139568, 0.000292056705803, 0.000236872772803, 0.00023327281815, 0.000126027662191, 0.000138542774948, 0.000115169685159, 6.98276489857e-05, 4.36043919763e-05, 3.55043994205e-05, 2.97237020277e-05, 3.10437899316e-05, 4.1398780013e-05, 4.60239134554e-05, 3.02135940728e-05, 5.16368891113e-05, 4.25877697126e-05, 4.85948839923e-05],
        "mean": [0.00319889979437, 0.00211436813697, 0.000996006652713, 0.000519015360624, 0.000428462575655, 0.000343807740137, 0.000172190004378, 0.000284216424916, 0.000377883086912, 0.000258995540207, 0.000279466621578, 0.000204138006666, 0.00022302538855, 0.000118485630082, 7.39124880056e-05, 6.67029235046e-05, 4.98224180774e-05, 4.18076597271e-05, 3.33865609718e-05, 2.22723447223e-05, 1.76462308445e-05, 1.49298439283e-05, 1.16672881632e-05, 1.19204387374e-05, 1.14977037811e-05, 8.94668664841e-06, 6.34261368759e-06, 6.70152849125e-06, 7.41089615985e-06, 4.91595801577e-06, 2.9567142974e-06, 2.15583645513e-06, 1.83612257842e-06, 1.39097858209e-06, 1.06042864445e-06, 8.5172166564e-07, 7.50105016323e-07, 8.34157447116e-07, 9.57002839641e-07, 8.17406771603e-07],
        "median": [0.000628490641247, 0.000760044436902, 0.000392005516915, 0.00023814033193, 0.000227863347391, 0.000133051144076, 8.26630857773e-05, 0.000125408318127, 0.000177862166311, 0.000113254143798, 8.94760814845e-05, 7.58790120017e-05, 6.24997774139e-05, 4.32248307334e-05, 2.67346931651e-05, 2.15105210373e-05, 1.84900127351e-05, 1.63734857779e-05, 1.27887797134e-05, 1.00234256024e-05, 8.33968351799e-06, 6.73741305945e-06, 5.41817234989e-06, 5.56458235224e-06, 5.33864613317e-06, 4.49352592113e-06, 3.3585613437e-06, 3.00584861179e-06, 3.0908536246e-06, 2.19360185838e-06, 1.44882994846e-06, 1.05203980638e-06, 7.39014240025e-07, 3.95813600562e-07, 2.75921792081e-07, 2.11985465626e-07, 1.60587362075e-07, 1.51817488359e-07, 2.00043032805e-07, 1.84560519756e-07],
        "min": [1.88206355882e-24, 1.90681406972e-24, 1.44125853738e-24, 1.82865530895e-24, 3.93708013794e-24, 3.73022345365e-24, 1.51369135127e-24, 8.58635750895e-25, 1.64638002351e-24, 2.42221870873e-24, 1.73776669975e-24, 3.5199750619e-24, 2.20769863517e-24, 3.530180161e-24, 3.08374858916e-24, 3.44640944375e-24, 2.24295716776e-24, 2.98255982312e-24, 3.36855952203e-24, 3.38328282196e-24, 6.85353282556e-24, 5.23639597442e-24, 4.91124131435e-24, 5.80981028895e-24, 5.17647804436e-24, 3.17608653305e-24, 5.53263651572e-24, 4.78562192051e-24, 6.06805810577e-24, 5.80806335648e-24, 5.93869359478e-24, 5.1265281607e-24, 5.96226396977e-24, 4.81736528891e-24, 5.51785562894e-24, 5.68674995989e-24, 6.46089269277e-24, 6.00807036152e-24, 6.74248487593e-24, 6.99279675204e-24],
        "stdev": [0.00499933678657, 0.00332168117166, 0.0016503877705, 0.000777991372161, 0.00062212231569, 0.000667938555125, 0.000294699071674, 0.000511926133186, 0.000585332105402, 0.000388076121453, 0.000513499835506, 0.00034255447099, 0.000537841115147, 0.000260364759015, 0.000159093178809, 0.000161993433721, 9.83126519714e-05, 7.5714167906e-05, 6.03829321335e-05, 3.84613667848e-05, 2.9716777135e-05, 3.13190721499e-05, 2.31244248425e-05, 2.09712961805e-05, 1.82555813808e-05, 1.36025964821e-05, 9.27855217014e-06, 1.0549212675e-05, 1.07656378532e-05, 6.92707908456e-06, 4.17395722252e-06, 3.07707318825e-06, 2.88511728286e-06, 2.51096594184e-06, 2.16732541958e-06, 2.14264605347e-06, 2.02711271413e-06, 2.56772932516e-06, 2.56786779573e-06, 2.08183882933e-06],
        "var": [2.49933691521e-05, 1.10335658974e-05, 2.72377997135e-06, 6.05270599863e-07, 3.87036209304e-07, 4.46141882549e-07, 8.68475424909e-08, 2.62068340362e-07, 3.42613645898e-07, 1.50603071347e-07, 2.6368206818e-07, 1.17343560646e-07, 2.89273060616e-07, 6.77898057688e-08, 2.53106389181e-08, 2.62418726749e-08, 9.66537694325e-09, 5.73263569947e-09, 3.6460985342e-09, 1.47927670113e-09, 8.83086825887e-10, 9.80884373725e-10, 5.34739030833e-10, 4.39795228013e-10, 3.33266220176e-10, 1.85030629707e-10, 8.60915227996e-11, 1.11285890225e-10, 1.15898950159e-10, 4.79844219914e-11, 1.74219180749e-11, 9.46837920568e-12, 8.3239023313e-12, 6.30494961795e-12, 4.69729984076e-12, 4.59093223507e-12, 4.10918608168e-12, 6.59323333776e-12, 6.59394457439e-12, 4.33405264802e-12]
    },
    "melbands128": {
